#!ascii label  , from subject fsaverage vox2ras=TkReg coords=white
1056
155  -49.108  -41.426  -23.177 0.0000000000
342  -54.022  -41.744  -20.299 0.0000000000
619  -55.629  -52.280  -15.537 0.0000000000
622  -42.646  -39.897  -20.148 0.0000000000
1383  -56.439  -45.137  -15.676 0.0000000000
1384  -53.104  -42.720  -24.294 0.0000000000
1385  -53.131  -47.861  -20.835 0.0000000000
1386  -49.321  -44.794  -18.213 0.0000000000
1388  -45.890  -42.706  -16.342 0.0000000000
1390  -46.044  -40.232  -21.153 0.0000000000
1766  -54.977  -40.593  -16.822 0.0000000000
2494  -57.049  -47.820  -19.545 0.0000000000
2495  -53.122  -53.445  -17.646 0.0000000000
2502  -40.245  -41.331  -22.469 0.0000000000
2503  -45.876  -35.972  -23.504 0.0000000000
2504  -42.624  -36.525  -22.474 0.0000000000
3304  -50.834  -42.282  -24.124 0.0000000000
3305  -51.277  -43.915  -22.188 0.0000000000
3306  -49.511  -42.696  -20.613 0.0000000000
3307  -47.593  -43.591  -16.972 0.0000000000
3308  -47.834  -41.832  -19.659 0.0000000000
3309  -46.261  -41.340  -18.876 0.0000000000
3310  -47.489  -40.832  -21.999 0.0000000000
5584  -55.284  -50.598  -13.637 0.0000000000
5589  -54.305  -41.570  -18.285 0.0000000000
5590  -56.366  -43.999  -18.350 0.0000000000
5591  -55.703  -44.774  -19.575 0.0000000000
5592  -50.907  -49.151  -17.732 0.0000000000
5593  -53.314  -50.705  -19.361 0.0000000000
5606  -42.356  -41.458  -18.387 0.0000000000
5608  -40.720  -42.253  -19.305 0.0000000000
5610  -41.342  -40.523  -21.116 0.0000000000
5612  -47.706  -36.270  -23.714 0.0000000000
5615  -44.217  -33.794  -22.095 0.0000000000
5616  -42.638  -34.044  -21.880 0.0000000000
5617  -41.118  -36.776  -21.965 0.0000000000
7097  -56.226  -48.541  -16.221 0.0000000000
7098  -54.168  -42.014  -22.538 0.0000000000
7099  -55.101  -44.860  -21.273 0.0000000000
7100  -53.406  -44.999  -22.668 0.0000000000
7101  -51.013  -46.349  -19.728 0.0000000000
7102  -48.774  -47.623  -15.966 0.0000000000
7108  -43.916  -42.753  -16.118 0.0000000000
7109  -44.262  -41.171  -18.120 0.0000000000
7110  -44.371  -39.787  -20.160 0.0000000000
7958  -56.256  -39.474  -15.807 0.0000000000
7964  -53.634  -38.847  -21.846 0.0000000000
7965  -54.266  -39.698  -24.040 0.0000000000
7966  -52.970  -40.375  -25.647 0.0000000000
7967  -50.911  -40.135  -25.520 0.0000000000
7968  -48.983  -39.573  -24.543 0.0000000000
10036  -57.053  -42.649  -17.081 0.0000000000
10037  -57.749  -46.399  -17.858 0.0000000000
10038  -56.952  -50.277  -18.001 0.0000000000
10039  -55.526  -48.417  -20.615 0.0000000000
10040  -55.788  -51.366  -19.659 0.0000000000
10041  -55.313  -53.867  -17.438 0.0000000000
10062  -38.169  -42.811  -22.458 0.0000000000
10063  -47.291  -38.824  -23.731 0.0000000000
10064  -45.779  -38.486  -23.419 0.0000000000
10065  -44.222  -38.394  -22.411 0.0000000000
10067  -44.140  -36.253  -23.271 0.0000000000
10068  -42.774  -38.402  -21.875 0.0000000000
10069  -41.348  -38.670  -21.926 0.0000000000
10070  -39.743  -39.541  -22.345 0.0000000000
10984  -49.994  -41.938  -23.698 0.0000000000
10985  -50.201  -42.555  -22.543 0.0000000000
10986  -49.351  -42.093  -21.872 0.0000000000
10987  -48.657  -42.275  -20.019 0.0000000000
10988  -48.575  -41.585  -21.393 0.0000000000
10989  -47.794  -41.231  -20.876 0.0000000000
10990  -48.290  -41.025  -22.564 0.0000000000
13264  -55.423  -51.400  -14.664 0.0000000000
13265  -55.506  -52.134  -13.395 0.0000000000
13266  -55.510  -52.992  -14.300 0.0000000000
13269  -54.143  -41.651  -19.273 0.0000000000
13270  -55.015  -43.167  -18.934 0.0000000000
13271  -54.802  -43.246  -19.818 0.0000000000
13273  -50.881  -50.466  -16.968 0.0000000000
13286  -42.536  -40.617  -19.202 0.0000000000
13287  -41.440  -41.814  -18.702 0.0000000000
13288  -41.699  -40.861  -19.690 0.0000000000
13289  -41.084  -41.349  -20.293 0.0000000000
13290  -41.908  -40.117  -20.606 0.0000000000
13296  -42.472  -32.680  -21.316 0.0000000000
13297  -41.829  -34.226  -21.971 0.0000000000
15666  -55.668  -46.063  -14.909 0.0000000000
15667  -55.575  -47.792  -15.151 0.0000000000
15668  -56.450  -46.755  -16.028 0.0000000000
15669  -53.904  -42.473  -23.535 0.0000000000
15670  -54.180  -43.648  -22.867 0.0000000000
15671  -53.340  -43.920  -23.620 0.0000000000
15672  -50.433  -44.183  -20.262 0.0000000000
15673  -51.245  -44.995  -20.945 0.0000000000
15674  -50.180  -45.571  -18.894 0.0000000000
15675  -49.908  -47.026  -17.708 0.0000000000
15676  -49.061  -46.170  -17.018 0.0000000000
15677  -47.955  -46.824  -15.276 0.0000000000
15678  -48.251  -45.404  -16.271 0.0000000000
15679  -46.709  -43.090  -16.565 0.0000000000
15680  -46.460  -44.254  -15.328 0.0000000000
15685  -44.989  -42.675  -16.112 0.0000000000
15686  -46.171  -40.758  -20.078 0.0000000000
15687  -45.275  -41.147  -18.519 0.0000000000
15688  -45.327  -40.590  -19.545 0.0000000000
15689  -44.359  -40.497  -19.180 0.0000000000
15690  -45.321  -40.000  -20.623 0.0000000000
17477  -54.052  -39.183  -22.962 0.0000000000
17482  -51.941  -40.334  -25.828 0.0000000000
17483  -52.051  -39.125  -26.332 0.0000000000
17484  -51.160  -38.965  -25.952 0.0000000000
22524  -55.508  -39.968  -16.302 0.0000000000
22525  -56.459  -41.095  -16.436 0.0000000000
22526  -56.053  -41.657  -17.100 0.0000000000
22527  -56.842  -45.802  -19.032 0.0000000000
22528  -57.413  -45.047  -18.327 0.0000000000
22529  -57.455  -47.132  -18.786 0.0000000000
22530  -57.443  -48.440  -18.034 0.0000000000
22531  -57.327  -49.096  -18.874 0.0000000000
22532  -54.494  -46.649  -21.430 0.0000000000
22533  -55.412  -46.658  -20.772 0.0000000000
22534  -54.424  -48.355  -20.859 0.0000000000
22535  -53.281  -52.004  -18.618 0.0000000000
22536  -54.578  -51.202  -19.788 0.0000000000
22537  -54.463  -52.558  -18.996 0.0000000000
22538  -55.565  -52.601  -18.688 0.0000000000
22539  -54.292  -53.988  -17.902 0.0000000000
22586  -40.102  -42.433  -21.730 0.0000000000
22588  -39.423  -43.309  -22.200 0.0000000000
22589  -38.337  -43.944  -22.222 0.0000000000
22590  -39.355  -42.122  -22.719 0.0000000000
22591  -49.284  -38.335  -24.679 0.0000000000
22592  -48.093  -39.182  -23.970 0.0000000000
22593  -48.358  -37.889  -24.042 0.0000000000
22594  -46.788  -36.094  -23.560 0.0000000000
22595  -46.651  -37.317  -23.728 0.0000000000
22596  -45.862  -37.210  -23.742 0.0000000000
22597  -44.979  -38.406  -22.880 0.0000000000
22598  -45.014  -37.303  -23.489 0.0000000000
22602  -43.399  -35.166  -22.676 0.0000000000
22603  -44.170  -34.918  -22.761 0.0000000000
22604  -43.308  -36.424  -22.980 0.0000000000
22605  -43.364  -37.486  -22.646 0.0000000000
22606  -42.671  -37.435  -22.224 0.0000000000
22607  -42.012  -38.544  -21.860 0.0000000000
22608  -41.900  -37.586  -21.974 0.0000000000
22609  -40.222  -37.083  -22.059 0.0000000000
22610  -40.347  -38.182  -21.964 0.0000000000
22611  -39.414  -38.574  -22.163 0.0000000000
22612  -38.696  -40.071  -22.555 0.0000000000
24377  -56.292  -43.422  -15.287 0.0000000000
24378  -51.815  -42.660  -24.451 0.0000000000
24379  -52.204  -43.588  -23.753 0.0000000000
24380  -51.089  -43.051  -23.280 0.0000000000
24381  -50.414  -43.183  -21.428 0.0000000000
24382  -49.499  -43.605  -19.479 0.0000000000
24383  -48.444  -44.065  -17.567 0.0000000000
24384  -48.554  -43.072  -18.907 0.0000000000
24385  -47.711  -42.631  -18.385 0.0000000000
24386  -46.963  -42.154  -18.045 0.0000000000
24387  -46.151  -41.945  -17.560 0.0000000000
24388  -47.086  -41.614  -19.308 0.0000000000
24389  -47.008  -41.089  -20.562 0.0000000000
24390  -46.806  -40.554  -21.642 0.0000000000
28484  -55.660  -51.533  -12.675 0.0000000000
28491  -54.574  -41.163  -17.455 0.0000000000
28492  -55.592  -42.318  -17.652 0.0000000000
28493  -55.256  -42.900  -18.228 0.0000000000
28494  -55.928  -44.525  -18.948 0.0000000000
28495  -56.350  -46.364  -19.662 0.0000000000
28496  -51.911  -48.617  -19.380 0.0000000000
28497  -53.107  -49.374  -20.042 0.0000000000
28498  -52.079  -49.974  -18.649 0.0000000000
28499  -52.019  -51.355  -17.840 0.0000000000
28522  -42.160  -42.420  -17.336 0.0000000000
28524  -41.226  -42.786  -17.908 0.0000000000
28528  -40.162  -42.830  -20.044 0.0000000000
28529  -40.599  -41.855  -20.976 0.0000000000
28530  -40.850  -40.914  -21.808 0.0000000000
28532  -48.593  -36.630  -24.102 0.0000000000
28535  -46.881  -34.907  -23.297 0.0000000000
28539  -43.491  -33.946  -21.868 0.0000000000
28540  -42.654  -35.310  -22.363 0.0000000000
28541  -41.928  -36.627  -22.130 0.0000000000
28542  -41.872  -35.539  -22.191 0.0000000000
28543  -41.021  -35.665  -22.199 0.0000000000
31917  -55.003  -48.921  -13.931 0.0000000000
31918  -55.461  -49.641  -14.989 0.0000000000
31919  -55.806  -50.367  -15.950 0.0000000000
31920  -54.129  -41.805  -21.357 0.0000000000
31921  -54.716  -43.188  -20.762 0.0000000000
31922  -54.575  -43.321  -21.857 0.0000000000
31923  -54.477  -45.048  -22.125 0.0000000000
31924  -53.316  -46.282  -21.659 0.0000000000
31925  -52.250  -44.590  -22.679 0.0000000000
31926  -52.168  -45.767  -21.508 0.0000000000
31927  -51.955  -47.123  -20.427 0.0000000000
31928  -50.849  -47.864  -18.517 0.0000000000
31929  -49.790  -48.392  -16.738 0.0000000000
31935  -47.421  -44.700  -15.737 0.0000000000
31944  -42.779  -42.996  -16.185 0.0000000000
31945  -45.224  -41.832  -17.227 0.0000000000
31946  -44.142  -41.877  -17.083 0.0000000000
31947  -43.089  -42.025  -17.144 0.0000000000
31948  -43.299  -41.250  -18.081 0.0000000000
31949  -43.398  -40.548  -19.079 0.0000000000
31950  -43.471  -39.780  -20.015 0.0000000000
34220  -54.166  -39.394  -16.775 0.0000000000
34221  -53.818  -39.867  -17.628 0.0000000000
34222  -53.622  -40.112  -18.691 0.0000000000
34223  -53.509  -40.277  -19.851 0.0000000000
34231  -53.286  -38.778  -20.548 0.0000000000
34232  -53.589  -40.353  -21.000 0.0000000000
34233  -53.883  -40.443  -22.148 0.0000000000
34234  -54.017  -40.818  -23.250 0.0000000000
34235  -53.751  -41.258  -24.295 0.0000000000
34237  -53.803  -40.184  -24.973 0.0000000000
34238  -52.842  -41.517  -24.913 0.0000000000
34239  -51.804  -41.639  -25.104 0.0000000000
34240  -50.812  -41.436  -24.890 0.0000000000
34241  -49.769  -40.993  -24.539 0.0000000000
34242  -48.872  -40.618  -24.126 0.0000000000
34243  -49.953  -39.879  -25.030 0.0000000000
34244  -50.217  -38.639  -25.368 0.0000000000
40343  -56.803  -42.223  -15.992 0.0000000000
40344  -57.087  -43.980  -16.453 0.0000000000
40345  -56.793  -43.271  -17.791 0.0000000000
40346  -57.605  -44.452  -17.508 0.0000000000
40347  -57.319  -45.752  -16.765 0.0000000000
40348  -57.148  -47.607  -17.067 0.0000000000
40349  -56.731  -49.446  -17.151 0.0000000000
40350  -56.213  -51.356  -16.876 0.0000000000
40351  -55.451  -44.821  -20.286 0.0000000000
40352  -55.955  -46.652  -20.141 0.0000000000
40353  -56.445  -48.369  -20.148 0.0000000000
40354  -54.505  -49.815  -20.390 0.0000000000
40355  -55.787  -50.020  -20.252 0.0000000000
40356  -56.908  -49.735  -19.742 0.0000000000
40357  -56.724  -50.931  -18.890 0.0000000000
40358  -56.170  -52.188  -17.865 0.0000000000
40359  -55.732  -53.167  -16.578 0.0000000000
40423  -48.020  -40.210  -23.479 0.0000000000
40424  -47.255  -40.048  -23.073 0.0000000000
40425  -46.578  -39.818  -22.725 0.0000000000
40426  -47.557  -37.497  -23.676 0.0000000000
40427  -46.495  -38.643  -23.600 0.0000000000
40428  -45.797  -39.571  -22.325 0.0000000000
40429  -45.106  -39.231  -21.761 0.0000000000
40430  -44.302  -39.086  -21.347 0.0000000000
40431  -43.544  -39.092  -21.118 0.0000000000
40434  -45.948  -34.794  -23.102 0.0000000000
40436  -44.962  -34.828  -22.887 0.0000000000
40437  -45.037  -36.077  -23.342 0.0000000000
40438  -44.208  -37.441  -23.099 0.0000000000
40439  -43.474  -38.379  -21.977 0.0000000000
40440  -42.653  -39.187  -21.085 0.0000000000
40441  -42.006  -39.364  -21.411 0.0000000000
40442  -41.377  -39.583  -21.779 0.0000000000
40443  -40.806  -39.952  -22.274 0.0000000000
40444  -41.168  -37.797  -21.889 0.0000000000
40445  -40.634  -39.015  -22.088 0.0000000000
40446  -40.022  -40.429  -22.627 0.0000000000
40447  -39.061  -41.028  -22.770 0.0000000000
41704  -49.553  -41.718  -23.456 0.0000000000
41705  -49.686  -42.059  -22.844 0.0000000000
41706  -49.263  -41.791  -22.543 0.0000000000
41707  -48.956  -41.832  -21.660 0.0000000000
41708  -48.812  -41.567  -22.298 0.0000000000
41709  -48.442  -41.308  -22.042 0.0000000000
41710  -48.654  -41.182  -22.889 0.0000000000
43984  -55.521  -51.802  -15.111 0.0000000000
43985  -55.419  -52.162  -14.473 0.0000000000
43986  -55.554  -52.653  -14.949 0.0000000000
43987  -55.483  -53.451  -14.794 0.0000000000
43988  -55.578  -53.124  -15.444 0.0000000000
43989  -54.048  -41.698  -19.769 0.0000000000
43990  -54.474  -42.444  -19.536 0.0000000000
43991  -54.387  -42.482  -20.033 0.0000000000
44006  -42.607  -40.255  -19.667 0.0000000000
44007  -42.121  -40.734  -19.473 0.0000000000
44008  -42.199  -40.398  -19.911 0.0000000000
44009  -41.853  -40.489  -20.153 0.0000000000
44010  -42.269  -40.002  -20.361 0.0000000000
44017  -42.076  -32.797  -21.363 0.0000000000
46384  -56.000  -44.818  -15.143 0.0000000000
46386  -56.057  -45.648  -15.336 0.0000000000
46387  -56.064  -46.424  -15.449 0.0000000000
46388  -56.497  -45.947  -15.850 0.0000000000
46389  -53.602  -42.657  -23.976 0.0000000000
46390  -53.697  -43.243  -23.624 0.0000000000
46391  -53.201  -43.325  -23.981 0.0000000000
46392  -49.861  -44.515  -19.281 0.0000000000
46393  -50.324  -44.816  -19.628 0.0000000000
46394  -49.749  -45.173  -18.587 0.0000000000
46395  -49.604  -45.892  -17.919 0.0000000000
46396  -49.182  -45.480  -17.583 0.0000000000
46397  -48.662  -45.746  -16.651 0.0000000000
46398  -48.761  -45.085  -17.217 0.0000000000
46399  -46.290  -42.936  -16.402 0.0000000000
46400  -46.146  -43.445  -15.749 0.0000000000
46401  -45.699  -43.260  -15.662 0.0000000000
46403  -45.204  -43.130  -15.590 0.0000000000
46404  -44.784  -43.094  -15.592 0.0000000000
46405  -45.424  -42.687  -16.153 0.0000000000
46406  -46.134  -40.497  -20.619 0.0000000000
46407  -45.787  -40.651  -19.775 0.0000000000
46408  -45.708  -40.372  -20.353 0.0000000000
46409  -45.310  -40.277  -20.122 0.0000000000
46410  -45.658  -40.109  -20.866 0.0000000000
48202  -52.513  -39.197  -26.320 0.0000000000
53244  -55.215  -40.272  -16.560 0.0000000000
53245  -55.712  -40.826  -16.696 0.0000000000
53246  -55.471  -41.151  -16.975 0.0000000000
53247  -56.901  -46.791  -19.305 0.0000000000
53248  -57.163  -46.478  -18.949 0.0000000000
53249  -57.229  -47.489  -19.166 0.0000000000
53250  -57.458  -48.059  -18.824 0.0000000000
53251  -57.317  -48.427  -19.259 0.0000000000
53252  -53.846  -47.384  -21.219 0.0000000000
53253  -54.452  -47.485  -21.144 0.0000000000
53254  -53.759  -48.224  -20.870 0.0000000000
53255  -53.221  -52.693  -18.143 0.0000000000
53256  -53.872  -52.342  -18.875 0.0000000000
53257  -53.808  -53.085  -18.363 0.0000000000
53258  -54.393  -53.269  -18.444 0.0000000000
53259  -53.719  -53.797  -17.892 0.0000000000
53306  -40.321  -41.831  -22.279 0.0000000000
53307  -39.762  -42.806  -21.992 0.0000000000
53308  -39.808  -42.212  -22.364 0.0000000000
53309  -39.421  -42.735  -22.531 0.0000000000
53310  -39.773  -41.689  -22.641 0.0000000000
53311  -49.455  -37.692  -24.737 0.0000000000
53312  -48.810  -38.122  -24.309 0.0000000000
53313  -48.984  -37.518  -24.309 0.0000000000
53314  -46.312  -36.039  -23.542 0.0000000000
53315  -46.309  -36.632  -23.682 0.0000000000
53316  -45.886  -36.615  -23.661 0.0000000000
53317  -45.470  -37.219  -23.654 0.0000000000
53318  -45.450  -36.600  -23.587 0.0000000000
53322  -42.993  -35.869  -22.636 0.0000000000
53323  -43.336  -35.813  -22.920 0.0000000000
53324  -42.989  -36.448  -22.729 0.0000000000
53325  -42.989  -36.936  -22.696 0.0000000000
53326  -42.639  -37.046  -22.363 0.0000000000
53327  -42.286  -37.511  -22.200 0.0000000000
53328  -42.253  -37.021  -22.259 0.0000000000
53329  -39.711  -37.315  -22.127 0.0000000000
53330  -39.820  -37.828  -22.069 0.0000000000
53331  -39.305  -38.050  -22.226 0.0000000000
53332  -38.949  -38.727  -22.365 0.0000000000
55989  -51.334  -42.472  -24.383 0.0000000000
55990  -51.407  -42.868  -23.964 0.0000000000
55991  -50.930  -42.643  -23.702 0.0000000000
55992  -49.852  -42.624  -21.575 0.0000000000
55993  -50.271  -42.852  -21.972 0.0000000000
55994  -49.963  -42.923  -21.005 0.0000000000
55995  -49.994  -43.344  -20.454 0.0000000000
55996  -49.509  -43.103  -20.033 0.0000000000
55997  -49.047  -43.305  -19.163 0.0000000000
55998  -49.051  -42.853  -19.709 0.0000000000
55999  -48.282  -42.045  -19.821 0.0000000000
56000  -48.206  -42.383  -19.218 0.0000000000
56001  -47.799  -42.198  -19.049 0.0000000000
56002  -47.304  -42.388  -18.153 0.0000000000
56003  -47.411  -42.023  -18.904 0.0000000000
56004  -47.039  -41.867  -18.668 0.0000000000
56005  -47.465  -41.739  -19.506 0.0000000000
56006  -47.712  -41.004  -21.470 0.0000000000
56007  -47.389  -41.175  -20.727 0.0000000000
56008  -47.276  -40.862  -21.264 0.0000000000
56009  -46.916  -40.780  -21.165 0.0000000000
56010  -47.119  -40.688  -21.820 0.0000000000
62829  -55.266  -50.193  -13.224 0.0000000000
62830  -55.590  -50.633  -12.720 0.0000000000
62831  -55.460  -50.990  -13.099 0.0000000000
62832  -55.629  -52.973  -13.212 0.0000000000
62833  -55.714  -52.587  -12.843 0.0000000000
62844  -54.423  -41.390  -17.815 0.0000000000
62845  -54.887  -42.059  -17.839 0.0000000000
62846  -54.751  -42.282  -18.248 0.0000000000
62847  -55.382  -43.965  -19.254 0.0000000000
62848  -55.478  -43.870  -18.867 0.0000000000
62849  -55.821  -44.647  -19.268 0.0000000000
62850  -56.155  -45.370  -19.340 0.0000000000
62851  -56.041  -45.558  -19.610 0.0000000000
62852  -51.390  -48.857  -18.510 0.0000000000
62853  -52.019  -49.261  -18.992 0.0000000000
62854  -51.434  -49.530  -18.190 0.0000000000
62856  -51.451  -50.924  -17.403 0.0000000000
62858  -51.920  -52.061  -17.391 0.0000000000
62896  -42.247  -41.964  -17.824 0.0000000000
62897  -41.655  -42.552  -17.602 0.0000000000
62898  -41.740  -42.067  -18.010 0.0000000000
62899  -41.080  -42.046  -18.952 0.0000000000
62900  -40.931  -42.509  -18.529 0.0000000000
62901  -40.551  -42.765  -18.838 0.0000000000
62903  -40.253  -43.078  -19.195 0.0000000000
62905  -40.441  -42.559  -19.656 0.0000000000
62906  -41.224  -40.908  -20.742 0.0000000000
62907  -40.846  -41.643  -20.633 0.0000000000
62908  -40.995  -41.145  -21.066 0.0000000000
62909  -40.768  -41.405  -21.379 0.0000000000
62910  -41.111  -40.704  -21.521 0.0000000000
62922  -42.985  -33.315  -21.518 0.0000000000
62923  -43.394  -33.240  -21.562 0.0000000000
62924  -43.056  -33.961  -21.895 0.0000000000
62925  -43.095  -34.615  -22.271 0.0000000000
62926  -42.673  -34.692  -22.213 0.0000000000
62927  -42.270  -35.352  -22.311 0.0000000000
62928  -42.316  -34.699  -22.110 0.0000000000
62929  -41.438  -34.309  -22.061 0.0000000000
62930  -41.531  -34.961  -22.236 0.0000000000
62931  -41.028  -35.067  -22.256 0.0000000000
62932  -40.652  -35.866  -22.212 0.0000000000
70038  -54.891  -48.019  -14.010 0.0000000000
70039  -55.937  -48.122  -15.704 0.0000000000
70040  -55.539  -48.688  -15.102 0.0000000000
70041  -55.811  -49.078  -15.617 0.0000000000
70042  -55.630  -50.045  -15.508 0.0000000000
70043  -56.016  -49.511  -16.140 0.0000000000
70044  -54.170  -41.890  -21.953 0.0000000000
70045  -54.395  -42.469  -21.556 0.0000000000
70046  -54.391  -42.643  -22.164 0.0000000000
70047  -53.902  -44.344  -22.888 0.0000000000
70048  -54.364  -44.223  -22.517 0.0000000000
70049  -54.023  -45.057  -22.438 0.0000000000
70050  -53.973  -45.720  -21.996 0.0000000000
70051  -53.424  -45.616  -22.142 0.0000000000
70052  -51.722  -43.742  -23.101 0.0000000000
70053  -52.282  -44.075  -23.289 0.0000000000
70054  -51.749  -44.280  -22.478 0.0000000000
70055  -51.099  -45.646  -20.364 0.0000000000
70056  -51.650  -45.401  -21.305 0.0000000000
70057  -51.551  -46.033  -20.691 0.0000000000
70058  -52.083  -46.348  -20.971 0.0000000000
70059  -51.462  -46.731  -20.090 0.0000000000
70060  -51.368  -47.479  -19.482 0.0000000000
70061  -50.932  -47.133  -19.042 0.0000000000
70062  -49.333  -47.315  -16.805 0.0000000000
70063  -49.839  -47.749  -17.199 0.0000000000
70064  -49.251  -48.030  -16.356 0.0000000000
70065  -49.204  -48.666  -15.955 0.0000000000
70066  -48.699  -48.337  -15.529 0.0000000000
70068  -48.256  -47.957  -15.162 0.0000000000
70069  -47.552  -46.455  -14.907 0.0000000000
70074  -48.026  -43.810  -17.264 0.0000000000
70075  -47.936  -44.399  -16.576 0.0000000000
70076  -47.516  -44.122  -16.302 0.0000000000
70095  -43.311  -42.841  -16.135 0.0000000000
70096  -46.236  -41.654  -18.273 0.0000000000
70097  -45.703  -41.903  -17.383 0.0000000000
70098  -45.767  -41.553  -18.102 0.0000000000
70099  -44.795  -41.141  -18.348 0.0000000000
70100  -44.735  -41.446  -17.712 0.0000000000
70101  -44.203  -41.538  -17.548 0.0000000000
70102  -43.593  -41.955  -17.077 0.0000000000
70103  -43.689  -41.558  -17.561 0.0000000000
70104  -43.207  -41.632  -17.602 0.0000000000
70105  -43.781  -41.200  -18.048 0.0000000000
70106  -44.369  -40.158  -19.679 0.0000000000
70107  -43.900  -40.519  -19.103 0.0000000000
70108  -43.930  -40.137  -19.557 0.0000000000
70109  -43.446  -40.162  -19.532 0.0000000000
70110  -43.914  -39.825  -20.107 0.0000000000
75437  -53.954  -39.690  -17.157 0.0000000000
75442  -53.579  -40.154  -19.288 0.0000000000
75443  -53.300  -39.488  -19.569 0.0000000000
75464  -53.416  -38.857  -21.158 0.0000000000
75465  -53.400  -39.633  -20.771 0.0000000000
75466  -53.533  -39.628  -21.376 0.0000000000
75467  -53.736  -40.375  -21.601 0.0000000000
75468  -53.728  -39.635  -22.001 0.0000000000
75469  -54.225  -39.415  -23.518 0.0000000000
75470  -54.092  -39.983  -23.112 0.0000000000
75471  -54.121  -40.255  -23.620 0.0000000000
75472  -53.954  -41.032  -23.791 0.0000000000
75473  -54.006  -40.562  -24.122 0.0000000000
75479  -53.393  -40.311  -25.348 0.0000000000
75480  -53.354  -40.810  -24.962 0.0000000000
75481  -52.833  -40.972  -25.258 0.0000000000
75482  -52.338  -41.627  -25.069 0.0000000000
75483  -52.328  -41.053  -25.434 0.0000000000
75484  -51.452  -40.297  -25.741 0.0000000000
75485  -51.339  -40.955  -25.377 0.0000000000
75486  -50.826  -40.839  -25.192 0.0000000000
75487  -50.294  -41.236  -24.717 0.0000000000
75488  -50.319  -40.665  -25.018 0.0000000000
75489  -49.830  -40.463  -24.800 0.0000000000
75490  -50.434  -40.011  -25.258 0.0000000000
75492  -50.685  -38.808  -25.679 0.0000000000
75493  -50.757  -38.180  -25.816 0.0000000000
75494  -50.296  -38.004  -25.497 0.0000000000
90612  -56.724  -41.849  -16.769 0.0000000000
90613  -56.741  -41.602  -16.272 0.0000000000
90614  -57.010  -42.380  -16.575 0.0000000000
90615  -56.989  -43.076  -16.254 0.0000000000
90616  -57.251  -43.276  -16.849 0.0000000000
90617  -55.961  -43.165  -17.987 0.0000000000
90618  -56.179  -42.822  -17.725 0.0000000000
90619  -56.619  -43.636  -18.090 0.0000000000
90620  -57.646  -45.745  -18.180 0.0000000000
90621  -57.586  -44.739  -17.962 0.0000000000
90622  -57.733  -45.424  -17.715 0.0000000000
90623  -57.598  -45.118  -17.180 0.0000000000
90624  -57.694  -46.083  -17.321 0.0000000000
90625  -57.286  -46.619  -16.939 0.0000000000
90626  -57.525  -46.998  -17.482 0.0000000000
90627  -57.186  -49.369  -18.006 0.0000000000
90628  -57.106  -49.007  -17.619 0.0000000000
90629  -56.876  -49.895  -17.525 0.0000000000
90630  -56.488  -50.362  -17.043 0.0000000000
90631  -56.585  -50.818  -17.503 0.0000000000
90632  -55.000  -43.986  -21.043 0.0000000000
90633  -55.125  -44.000  -20.548 0.0000000000
90634  -55.307  -44.808  -20.785 0.0000000000
90635  -55.454  -47.556  -20.714 0.0000000000
90636  -55.716  -46.664  -20.438 0.0000000000
90637  -55.840  -47.604  -20.474 0.0000000000
90638  -56.179  -47.567  -20.213 0.0000000000
90639  -56.012  -48.481  -20.395 0.0000000000
90640  -53.199  -50.035  -19.686 0.0000000000
90641  -53.802  -49.703  -20.288 0.0000000000
90642  -53.878  -50.342  -19.970 0.0000000000
90643  -55.219  -51.322  -19.795 0.0000000000
90644  -55.255  -50.662  -20.109 0.0000000000
90645  -55.846  -50.683  -19.989 0.0000000000
90646  -56.399  -49.938  -20.028 0.0000000000
90647  -56.441  -50.556  -19.742 0.0000000000
90648  -56.899  -50.367  -19.378 0.0000000000
90649  -56.330  -51.193  -19.355 0.0000000000
90650  -55.437  -53.239  -18.030 0.0000000000
90651  -55.953  -52.438  -18.321 0.0000000000
90652  -55.738  -53.044  -17.646 0.0000000000
90653  -55.921  -52.708  -17.206 0.0000000000
90654  -55.594  -53.550  -17.047 0.0000000000
90655  -55.495  -53.978  -16.418 0.0000000000
90656  -55.243  -54.352  -16.838 0.0000000000
90806  -38.260  -43.372  -22.361 0.0000000000
90807  -37.741  -44.340  -22.005 0.0000000000
90808  -37.625  -43.848  -22.052 0.0000000000
90810  -37.492  -43.260  -22.149 0.0000000000
90811  -48.878  -40.135  -24.401 0.0000000000
90812  -48.438  -40.404  -23.823 0.0000000000
90813  -48.448  -39.906  -24.101 0.0000000000
90814  -47.690  -39.012  -23.737 0.0000000000
90815  -47.636  -39.574  -23.576 0.0000000000
90816  -47.231  -39.493  -23.458 0.0000000000
90817  -46.915  -39.964  -22.947 0.0000000000
90818  -46.832  -39.470  -23.380 0.0000000000
90819  -48.182  -36.457  -23.830 0.0000000000
90820  -48.112  -37.078  -23.811 0.0000000000
90821  -47.641  -36.871  -23.686 0.0000000000
90822  -46.222  -37.865  -23.720 0.0000000000
90823  -46.599  -37.968  -23.737 0.0000000000
90824  -46.150  -38.540  -23.526 0.0000000000
90825  -46.137  -39.150  -23.139 0.0000000000
90826  -45.752  -39.071  -22.915 0.0000000000
90827  -45.475  -39.445  -22.014 0.0000000000
90828  -45.407  -38.955  -22.628 0.0000000000
90829  -44.588  -38.399  -22.671 0.0000000000
90830  -44.650  -38.814  -22.119 0.0000000000
90831  -44.243  -38.796  -21.931 0.0000000000
90832  -43.912  -39.072  -21.221 0.0000000000
90833  -43.872  -38.737  -21.688 0.0000000000
90844  -44.579  -33.688  -22.204 0.0000000000
90845  -44.180  -35.634  -23.107 0.0000000000
90846  -44.511  -34.826  -22.789 0.0000000000
90847  -44.546  -35.423  -23.015 0.0000000000
90848  -45.009  -35.421  -23.126 0.0000000000
90849  -44.579  -36.109  -23.303 0.0000000000
90850  -44.603  -36.812  -23.414 0.0000000000
90851  -44.154  -36.860  -23.266 0.0000000000
90852  -43.005  -37.867  -22.231 0.0000000000
90853  -43.427  -37.906  -22.366 0.0000000000
90854  -43.081  -38.362  -21.863 0.0000000000
90855  -43.133  -38.760  -21.497 0.0000000000
90856  -42.740  -38.852  -21.481 0.0000000000
90857  -42.346  -39.277  -21.267 0.0000000000
90858  -42.366  -38.872  -21.564 0.0000000000
90859  -41.664  -38.605  -21.893 0.0000000000
90860  -41.644  -39.072  -21.728 0.0000000000
90861  -41.352  -39.098  -21.964 0.0000000000
90862  -41.106  -39.760  -22.050 0.0000000000
90863  -41.055  -39.270  -22.028 0.0000000000
90864  -41.531  -36.674  -22.053 0.0000000000
90865  -41.555  -37.171  -22.024 0.0000000000
90866  -41.139  -37.275  -21.893 0.0000000000
90867  -40.048  -38.793  -22.122 0.0000000000
90868  -40.445  -38.623  -21.976 0.0000000000
90869  -40.141  -39.255  -22.197 0.0000000000
90870  -40.309  -39.773  -22.282 0.0000000000
90871  -39.890  -39.975  -22.530 0.0000000000
90872  -39.587  -40.755  -22.717 0.0000000000
90873  -39.430  -40.272  -22.576 0.0000000000
93498  -50.370  -42.119  -23.872 0.0000000000
93499  -50.489  -42.458  -23.404 0.0000000000
93500  -50.100  -42.282  -23.113 0.0000000000
93501  -49.773  -42.260  -22.187 0.0000000000
93502  -49.450  -42.423  -21.176 0.0000000000
93503  -49.069  -42.470  -20.322 0.0000000000
93504  -49.032  -42.123  -20.970 0.0000000000
93505  -48.620  -41.866  -20.698 0.0000000000
93506  -48.264  -41.655  -20.495 0.0000000000
93507  -47.820  -41.565  -20.255 0.0000000000
93508  -48.191  -41.387  -21.109 0.0000000000
93509  -48.063  -41.206  -21.673 0.0000000000
93510  -47.893  -40.901  -22.286 0.0000000000
97602  -55.273  -50.995  -14.137 0.0000000000
97603  -55.355  -51.306  -13.533 0.0000000000
97604  -55.321  -51.751  -14.002 0.0000000000
97605  -55.467  -52.555  -13.863 0.0000000000
97611  -54.195  -41.663  -18.758 0.0000000000
97612  -54.630  -42.387  -18.616 0.0000000000
97613  -54.554  -42.488  -19.044 0.0000000000
97614  -54.919  -43.245  -19.350 0.0000000000
97615  -55.305  -43.991  -19.652 0.0000000000
97616  -50.321  -49.349  -16.847 0.0000000000
97617  -50.908  -49.736  -17.347 0.0000000000
97618  -50.306  -50.080  -16.496 0.0000000000
97642  -42.466  -41.005  -18.839 0.0000000000
97643  -41.840  -41.601  -18.459 0.0000000000
97644  -41.975  -41.137  -18.963 0.0000000000
97645  -41.569  -41.333  -19.150 0.0000000000
97646  -41.223  -41.548  -19.503 0.0000000000
97647  -40.888  -41.784  -19.791 0.0000000000
97648  -41.359  -41.063  -20.023 0.0000000000
97649  -41.482  -40.674  -20.484 0.0000000000
97650  -41.582  -40.249  -20.911 0.0000000000
97660  -42.561  -33.382  -21.582 0.0000000000
97661  -42.262  -34.132  -21.894 0.0000000000
97662  -42.165  -33.459  -21.661 0.0000000000
97663  -41.729  -33.510  -21.783 0.0000000000
101926  -55.238  -46.547  -14.490 0.0000000000
101927  -55.174  -47.455  -14.569 0.0000000000
101928  -55.596  -46.932  -15.048 0.0000000000
101929  -55.990  -47.281  -15.618 0.0000000000
101930  -56.312  -47.644  -16.167 0.0000000000
101931  -54.099  -42.216  -23.029 0.0000000000
101932  -54.287  -42.817  -22.703 0.0000000000
101933  -54.075  -43.041  -23.204 0.0000000000
101934  -53.773  -43.804  -23.269 0.0000000000
101935  -53.361  -44.373  -23.185 0.0000000000
101936  -50.916  -44.046  -21.227 0.0000000000
101937  -51.341  -44.446  -21.581 0.0000000000
101938  -50.848  -44.596  -20.625 0.0000000000
101939  -50.736  -45.204  -20.031 0.0000000000
101940  -50.654  -45.924  -19.353 0.0000000000
101941  -50.537  -46.685  -18.710 0.0000000000
101942  -50.055  -46.294  -18.271 0.0000000000
101943  -49.452  -46.603  -17.332 0.0000000000
101944  -48.915  -46.882  -16.466 0.0000000000
101945  -48.346  -47.196  -15.609 0.0000000000
101946  -48.518  -46.470  -16.107 0.0000000000
101947  -48.114  -46.078  -15.771 0.0000000000
101948  -47.720  -45.706  -15.440 0.0000000000
101949  -47.151  -43.321  -16.747 0.0000000000
101950  -47.036  -43.861  -16.114 0.0000000000
101951  -46.580  -43.680  -15.877 0.0000000000
101952  -45.984  -44.051  -15.153 0.0000000000
101960  -44.306  -43.175  -15.567 0.0000000000
101961  -44.490  -42.703  -16.066 0.0000000000
101962  -46.220  -41.014  -19.467 0.0000000000
101963  -45.800  -41.225  -18.708 0.0000000000
101964  -45.809  -40.972  -19.245 0.0000000000
101965  -45.315  -40.876  -19.045 0.0000000000
101966  -44.826  -40.840  -18.860 0.0000000000
101967  -44.333  -40.846  -18.657 0.0000000000
101968  -44.850  -40.527  -19.382 0.0000000000
101969  -44.867  -40.224  -19.879 0.0000000000
101970  -44.844  -39.851  -20.387 0.0000000000
105185  -53.818  -38.993  -22.404 0.0000000000
105193  -52.949  -39.809  -26.021 0.0000000000
105194  -52.385  -40.391  -25.792 0.0000000000
105195  -52.482  -39.824  -26.106 0.0000000000
105196  -52.013  -39.750  -26.119 0.0000000000
105197  -51.507  -39.644  -25.941 0.0000000000
105198  -51.030  -39.476  -25.772 0.0000000000
105199  -51.600  -38.976  -26.166 0.0000000000
114270  -55.843  -39.744  -16.037 0.0000000000
114271  -56.230  -40.302  -16.091 0.0000000000
114272  -55.960  -40.539  -16.419 0.0000000000
114273  -56.253  -41.353  -16.817 0.0000000000
114274  -56.623  -42.154  -17.181 0.0000000000
114275  -56.635  -44.860  -18.694 0.0000000000
114276  -56.944  -44.498  -18.393 0.0000000000
114277  -57.110  -45.453  -18.705 0.0000000000
114278  -57.449  -46.081  -18.601 0.0000000000
114279  -57.670  -46.723  -18.341 0.0000000000
114280  -57.596  -47.414  -17.954 0.0000000000
114281  -57.549  -47.778  -18.429 0.0000000000
114282  -57.382  -48.770  -18.433 0.0000000000
114283  -57.237  -49.685  -18.426 0.0000000000
114284  -54.980  -45.805  -21.392 0.0000000000
114285  -55.296  -45.738  -21.025 0.0000000000
114286  -55.000  -46.711  -21.141 0.0000000000
114287  -55.017  -47.571  -20.962 0.0000000000
114288  -55.037  -48.421  -20.796 0.0000000000
114289  -53.334  -51.368  -18.963 0.0000000000
114290  -53.937  -50.959  -19.658 0.0000000000
114291  -53.924  -51.662  -19.313 0.0000000000
114292  -54.518  -51.877  -19.421 0.0000000000
114293  -55.103  -51.973  -19.407 0.0000000000
114294  -55.680  -51.989  -19.248 0.0000000000
114295  -55.038  -52.641  -18.963 0.0000000000
114296  -54.948  -53.327  -18.343 0.0000000000
114297  -54.838  -54.011  -17.766 0.0000000000
114298  -54.756  -54.705  -17.236 0.0000000000
114299  -54.231  -54.657  -17.367 0.0000000000
114382  -39.917  -42.984  -21.238 0.0000000000
114384  -39.645  -43.341  -21.566 0.0000000000
114385  -39.343  -43.822  -21.800 0.0000000000
114386  -38.905  -44.084  -22.028 0.0000000000
114387  -38.367  -44.541  -21.989 0.0000000000
114388  -38.882  -43.531  -22.253 0.0000000000
114389  -38.819  -42.918  -22.463 0.0000000000
114390  -38.733  -42.468  -22.525 0.0000000000
114391  -49.114  -38.946  -24.633 0.0000000000
114392  -48.528  -39.350  -24.261 0.0000000000
114393  -48.651  -38.744  -24.317 0.0000000000
114394  -48.219  -38.568  -24.046 0.0000000000
114395  -47.836  -38.344  -23.867 0.0000000000
114396  -47.245  -36.137  -23.613 0.0000000000
114397  -47.199  -36.790  -23.640 0.0000000000
114398  -46.720  -36.724  -23.694 0.0000000000
114399  -46.321  -37.247  -23.787 0.0000000000
114400  -45.869  -37.815  -23.730 0.0000000000
114401  -45.400  -38.461  -23.162 0.0000000000
114402  -45.405  -37.866  -23.520 0.0000000000
114403  -44.979  -37.897  -23.264 0.0000000000
114404  -44.607  -37.895  -23.014 0.0000000000
114410  -43.803  -34.418  -22.398 0.0000000000
114411  -44.181  -34.329  -22.445 0.0000000000
114412  -43.770  -35.013  -22.758 0.0000000000
114413  -43.727  -35.732  -23.085 0.0000000000
114414  -43.674  -36.347  -23.201 0.0000000000
114415  -43.712  -36.969  -23.129 0.0000000000
114416  -43.313  -36.985  -22.874 0.0000000000
114417  -43.008  -37.411  -22.496 0.0000000000
114418  -42.735  -37.940  -22.129 0.0000000000
114419  -42.354  -38.390  -21.835 0.0000000000
114420  -42.327  -37.982  -21.982 0.0000000000
114421  -41.981  -38.044  -21.962 0.0000000000
114422  -41.662  -38.121  -21.857 0.0000000000
114423  -40.692  -37.009  -21.972 0.0000000000
114424  -40.742  -37.516  -21.933 0.0000000000
114425  -40.292  -37.609  -21.996 0.0000000000
114426  -39.958  -38.321  -22.097 0.0000000000
114427  -39.599  -39.061  -22.244 0.0000000000
114428  -39.197  -39.767  -22.425 0.0000000000
114429  -39.030  -39.281  -22.330 0.0000000000
118319  -56.382  -44.291  -15.497 0.0000000000
118320  -52.470  -42.665  -24.472 0.0000000000
118321  -52.594  -43.250  -24.175 0.0000000000
118322  -51.971  -43.048  -24.178 0.0000000000
118323  -51.629  -43.258  -23.591 0.0000000000
118324  -51.209  -43.435  -22.812 0.0000000000
118325  -50.630  -42.822  -22.913 0.0000000000
118326  -50.757  -43.169  -22.421 0.0000000000
118327  -50.840  -43.528  -21.841 0.0000000000
118328  -50.481  -43.641  -20.825 0.0000000000
118329  -49.979  -43.890  -19.921 0.0000000000
118330  -49.449  -44.193  -18.861 0.0000000000
118331  -48.873  -44.403  -17.861 0.0000000000
118332  -48.958  -43.804  -18.553 0.0000000000
118333  -48.506  -43.509  -18.254 0.0000000000
118334  -48.081  -43.262  -17.943 0.0000000000
118335  -48.607  -42.658  -19.442 0.0000000000
118336  -48.106  -42.841  -18.624 0.0000000000
118337  -47.636  -43.080  -17.639 0.0000000000
118338  -47.225  -42.844  -17.425 0.0000000000
118339  -46.841  -42.588  -17.291 0.0000000000
118340  -46.440  -42.444  -17.116 0.0000000000
118341  -46.018  -42.316  -16.948 0.0000000000
118342  -46.575  -42.051  -17.800 0.0000000000
118343  -46.647  -41.706  -18.446 0.0000000000
118344  -46.679  -41.445  -19.096 0.0000000000
118345  -47.447  -41.475  -20.109 0.0000000000
118346  -47.068  -41.328  -19.996 0.0000000000
118347  -46.650  -41.189  -19.755 0.0000000000
118348  -46.609  -40.936  -20.358 0.0000000000
118349  -46.509  -40.648  -20.888 0.0000000000
118350  -46.426  -40.373  -21.405 0.0000000000
127901  -55.570  -51.775  -12.995 0.0000000000
127902  -55.797  -52.277  -12.488 0.0000000000
127917  -54.751  -40.883  -17.095 0.0000000000
127918  -55.260  -41.492  -17.256 0.0000000000
127919  -55.055  -41.785  -17.536 0.0000000000
127920  -55.386  -42.617  -17.910 0.0000000000
127921  -55.765  -43.460  -18.272 0.0000000000
127922  -55.104  -43.051  -18.552 0.0000000000
127923  -55.585  -43.709  -18.566 0.0000000000
127924  -56.135  -44.325  -18.625 0.0000000000
127925  -56.384  -45.147  -19.019 0.0000000000
127926  -56.544  -46.103  -19.343 0.0000000000
127927  -56.695  -47.081  -19.668 0.0000000000
127928  -52.461  -48.302  -20.179 0.0000000000
127929  -53.159  -48.668  -20.455 0.0000000000
127930  -52.485  -49.001  -19.752 0.0000000000
127931  -52.590  -49.678  -19.337 0.0000000000
127932  -52.652  -50.383  -18.987 0.0000000000
127933  -51.531  -50.244  -17.844 0.0000000000
127934  -52.123  -50.694  -18.299 0.0000000000
127935  -52.696  -51.096  -18.640 0.0000000000
127936  -52.695  -51.750  -18.327 0.0000000000
127937  -52.588  -52.381  -17.827 0.0000000000
127990  -41.992  -42.830  -16.975 0.0000000000
127992  -41.551  -43.065  -17.224 0.0000000000
127995  -41.340  -42.278  -18.275 0.0000000000
127996  -40.821  -43.051  -18.127 0.0000000000
128004  -39.921  -43.184  -20.358 0.0000000000
128005  -40.633  -42.096  -20.147 0.0000000000
128006  -40.386  -42.322  -20.559 0.0000000000
128007  -40.118  -42.683  -20.838 0.0000000000
128008  -40.388  -42.161  -21.412 0.0000000000
128009  -40.562  -41.603  -21.917 0.0000000000
128010  -40.595  -41.095  -22.231 0.0000000000
128012  -49.054  -36.852  -24.406 0.0000000000
128018  -47.746  -35.699  -23.663 0.0000000000
128019  -47.268  -35.562  -23.536 0.0000000000
128020  -46.838  -35.495  -23.474 0.0000000000
128021  -46.349  -35.459  -23.406 0.0000000000
128029  -43.835  -33.836  -22.042 0.0000000000
128030  -43.459  -34.477  -22.286 0.0000000000
128031  -43.047  -35.247  -22.575 0.0000000000
128032  -42.607  -35.970  -22.466 0.0000000000
128033  -42.242  -36.501  -22.263 0.0000000000
128034  -42.277  -35.940  -22.291 0.0000000000
128035  -41.880  -36.135  -22.135 0.0000000000
128036  -41.506  -36.160  -22.096 0.0000000000
128037  -41.868  -34.850  -22.157 0.0000000000
128038  -41.514  -35.635  -22.169 0.0000000000
128039  -41.084  -36.291  -22.064 0.0000000000
128040  -40.674  -36.431  -22.083 0.0000000000
128041  -40.198  -36.529  -22.179 0.0000000000
137099  -55.135  -49.781  -13.798 0.0000000000
137100  -55.196  -48.373  -14.566 0.0000000000
137101  -55.231  -49.290  -14.452 0.0000000000
137102  -55.251  -50.159  -14.284 0.0000000000
137103  -55.377  -50.585  -14.773 0.0000000000
137104  -55.544  -50.943  -15.273 0.0000000000
137105  -55.715  -51.358  -15.751 0.0000000000
137106  -54.058  -41.740  -20.771 0.0000000000
137107  -54.358  -42.433  -20.540 0.0000000000
137108  -54.407  -42.477  -21.037 0.0000000000
137109  -54.646  -43.178  -21.313 0.0000000000
137110  -54.856  -44.050  -21.555 0.0000000000
137111  -54.441  -43.440  -22.363 0.0000000000
137112  -54.695  -44.109  -22.011 0.0000000000
137113  -54.863  -44.962  -21.707 0.0000000000
137114  -54.518  -45.805  -21.744 0.0000000000
137115  -53.940  -46.541  -21.610 0.0000000000
137116  -53.211  -47.071  -21.213 0.0000000000
137117  -52.771  -43.863  -23.805 0.0000000000
137118  -52.816  -44.347  -23.369 0.0000000000
137119  -52.839  -44.814  -22.779 0.0000000000
137120  -51.743  -44.852  -21.830 0.0000000000
137121  -52.244  -45.164  -22.054 0.0000000000
137122  -52.828  -45.432  -22.174 0.0000000000
137123  -52.746  -46.082  -21.645 0.0000000000
137124  -52.610  -46.758  -21.103 0.0000000000
137125  -52.545  -47.519  -20.678 0.0000000000
137126  -51.887  -47.895  -19.871 0.0000000000
137127  -51.336  -48.231  -18.920 0.0000000000
137128  -50.868  -48.490  -18.076 0.0000000000
137129  -50.384  -47.421  -18.135 0.0000000000
137130  -50.336  -48.108  -17.619 0.0000000000
137131  -50.320  -48.758  -17.208 0.0000000000
137132  -49.764  -48.990  -16.381 0.0000000000
137145  -48.344  -44.737  -16.829 0.0000000000
137146  -47.834  -45.012  -15.997 0.0000000000
137147  -47.287  -45.360  -15.174 0.0000000000
137148  -46.941  -44.438  -15.548 0.0000000000
137149  -46.792  -45.106  -14.958 0.0000000000
137173  -45.652  -42.319  -16.742 0.0000000000
137174  -45.130  -42.252  -16.661 0.0000000000
137175  -44.566  -42.204  -16.653 0.0000000000
137176  -45.240  -41.471  -17.891 0.0000000000
137177  -44.688  -41.835  -17.134 0.0000000000
137178  -44.038  -42.291  -16.611 0.0000000000
137179  -43.475  -42.396  -16.605 0.0000000000
137180  -42.950  -42.526  -16.634 0.0000000000
137181  -42.451  -42.661  -16.774 0.0000000000
137182  -42.588  -42.229  -17.206 0.0000000000
137183  -42.702  -41.789  -17.682 0.0000000000
137184  -42.808  -41.322  -18.269 0.0000000000
137185  -43.839  -40.875  -18.581 0.0000000000
137186  -43.370  -40.906  -18.578 0.0000000000
137187  -42.904  -40.947  -18.637 0.0000000000
137188  -42.970  -40.522  -19.100 0.0000000000
137189  -43.022  -40.166  -19.562 0.0000000000
137190  -43.055  -39.823  -20.050 0.0000000000
143708  -55.952  -38.879  -15.797 0.0000000000
143709  -55.497  -39.141  -15.988 0.0000000000
143710  -55.102  -39.375  -16.198 0.0000000000
143711  -54.727  -39.658  -16.388 0.0000000000
143719  -54.428  -39.081  -16.447 0.0000000000
143720  -54.537  -40.010  -16.708 0.0000000000
143721  -54.351  -40.328  -17.055 0.0000000000
143722  -54.173  -40.538  -17.487 0.0000000000
143723  -54.002  -40.725  -17.923 0.0000000000
143725  -53.699  -40.002  -18.134 0.0000000000
143726  -53.916  -40.894  -18.417 0.0000000000
143727  -53.903  -40.909  -18.984 0.0000000000
143728  -53.821  -40.947  -19.536 0.0000000000
143729  -53.733  -40.974  -20.069 0.0000000000
143754  -53.322  -39.582  -20.167 0.0000000000
143755  -53.528  -40.342  -20.426 0.0000000000
143756  -53.756  -41.026  -20.671 0.0000000000
143757  -53.860  -41.122  -21.206 0.0000000000
143758  -53.961  -41.149  -21.748 0.0000000000
143759  -54.024  -41.248  -22.350 0.0000000000
143760  -53.969  -39.783  -22.602 0.0000000000
143761  -53.974  -40.594  -22.697 0.0000000000
143762  -54.091  -41.391  -22.944 0.0000000000
143763  -53.973  -41.657  -23.411 0.0000000000
143764  -53.784  -41.873  -23.934 0.0000000000
143765  -53.452  -41.994  -24.317 0.0000000000
143771  -54.117  -39.969  -24.493 0.0000000000
143772  -53.780  -40.685  -24.588 0.0000000000
143773  -53.380  -41.423  -24.622 0.0000000000
143774  -52.981  -42.079  -24.587 0.0000000000
143775  -52.390  -42.133  -24.733 0.0000000000
143776  -51.807  -42.140  -24.770 0.0000000000
143777  -51.266  -42.073  -24.740 0.0000000000
143778  -51.840  -40.964  -25.437 0.0000000000
143779  -51.303  -41.586  -25.040 0.0000000000
143780  -50.781  -41.889  -24.536 0.0000000000
143781  -50.295  -41.705  -24.348 0.0000000000
143782  -49.834  -41.482  -24.171 0.0000000000
143783  -49.345  -41.251  -23.953 0.0000000000
143784  -48.948  -41.020  -23.662 0.0000000000
143785  -49.289  -40.810  -24.367 0.0000000000
143786  -49.326  -40.305  -24.595 0.0000000000
143787  -49.423  -39.742  -24.781 0.0000000000
143788  -50.547  -39.365  -25.477 0.0000000000
143789  -50.078  -39.280  -25.229 0.0000000000
143790  -49.600  -39.127  -24.925 0.0000000000
143791  -49.753  -38.507  -25.022 0.0000000000
143792  -49.874  -37.850  -25.125 0.0000000000
161983  -56.562  -40.823  -15.988 0.0000000000
161986  -56.624  -42.815  -15.705 0.0000000000
161987  -56.713  -43.710  -15.886 0.0000000000
161988  -56.809  -44.599  -16.063 0.0000000000
161989  -55.833  -42.019  -17.381 0.0000000000
161990  -56.432  -42.485  -17.466 0.0000000000
161991  -56.972  -42.937  -17.469 0.0000000000
161992  -57.197  -44.119  -18.117 0.0000000000
161993  -57.356  -43.813  -17.769 0.0000000000
161994  -57.375  -43.538  -17.349 0.0000000000
161995  -57.437  -44.217  -16.998 0.0000000000
161996  -57.208  -44.872  -16.609 0.0000000000
161997  -56.854  -45.434  -16.192 0.0000000000
161998  -56.970  -46.279  -16.405 0.0000000000
161999  -56.819  -47.167  -16.540 0.0000000000
162000  -56.694  -48.093  -16.670 0.0000000000
162001  -57.343  -48.020  -17.556 0.0000000000
162002  -56.950  -48.547  -17.149 0.0000000000
162003  -56.537  -48.976  -16.716 0.0000000000
162004  -56.274  -49.896  -16.611 0.0000000000
162005  -56.088  -50.854  -16.419 0.0000000000
162006  -55.893  -51.864  -16.204 0.0000000000
162007  -54.741  -43.174  -20.247 0.0000000000
162008  -55.224  -44.020  -20.035 0.0000000000
162009  -55.596  -44.878  -19.903 0.0000000000
162010  -55.523  -45.761  -20.532 0.0000000000
162011  -55.709  -45.778  -20.160 0.0000000000
162012  -55.903  -45.756  -19.867 0.0000000000
162013  -56.119  -46.623  -19.928 0.0000000000
162014  -56.461  -47.363  -19.956 0.0000000000
162015  -56.795  -48.117  -19.857 0.0000000000
162016  -53.755  -48.945  -20.591 0.0000000000
162017  -54.435  -49.100  -20.632 0.0000000000
162018  -55.073  -49.217  -20.601 0.0000000000
162019  -54.567  -50.558  -20.116 0.0000000000
162020  -55.177  -49.984  -20.350 0.0000000000
162021  -55.640  -49.273  -20.465 0.0000000000
162022  -56.245  -49.238  -20.224 0.0000000000
162023  -56.767  -49.080  -19.958 0.0000000000
162024  -57.141  -48.780  -19.643 0.0000000000
162025  -57.197  -49.418  -19.332 0.0000000000
162026  -57.121  -50.040  -18.895 0.0000000000
162027  -56.898  -50.632  -18.419 0.0000000000
162028  -56.136  -51.819  -18.888 0.0000000000
162029  -56.449  -51.556  -18.405 0.0000000000
162030  -56.547  -51.282  -17.929 0.0000000000
162031  -56.225  -51.811  -17.365 0.0000000000
162032  -55.945  -52.316  -16.697 0.0000000000
162033  -55.756  -52.709  -16.071 0.0000000000
162034  -55.578  -53.595  -15.961 0.0000000000
162223  -48.536  -40.819  -23.376 0.0000000000
162224  -48.095  -40.612  -23.089 0.0000000000
162225  -47.728  -40.509  -22.792 0.0000000000
162226  -48.027  -39.724  -23.776 0.0000000000
162227  -47.649  -40.079  -23.233 0.0000000000
162228  -47.362  -40.428  -22.587 0.0000000000
162229  -47.007  -40.384  -22.372 0.0000000000
162230  -46.680  -40.238  -22.173 0.0000000000
162231  -46.335  -40.079  -21.957 0.0000000000
162232  -48.517  -37.266  -24.040 0.0000000000
162233  -47.972  -37.693  -23.832 0.0000000000
162234  -47.367  -38.193  -23.730 0.0000000000
162235  -47.077  -37.421  -23.708 0.0000000000
162236  -46.951  -38.003  -23.708 0.0000000000
162237  -46.870  -38.731  -23.650 0.0000000000
162238  -46.478  -39.310  -23.255 0.0000000000
162239  -46.201  -39.682  -22.564 0.0000000000
162240  -45.926  -39.947  -21.703 0.0000000000
162241  -45.562  -39.791  -21.442 0.0000000000
162242  -45.169  -39.611  -21.172 0.0000000000
162243  -44.777  -39.493  -20.960 0.0000000000
162244  -45.000  -38.825  -22.349 0.0000000000
162245  -44.699  -39.175  -21.568 0.0000000000
162246  -44.350  -39.441  -20.789 0.0000000000
162247  -43.907  -39.458  -20.648 0.0000000000
162248  -43.535  -39.443  -20.622 0.0000000000
162249  -43.099  -39.516  -20.535 0.0000000000
162257  -46.391  -34.812  -23.203 0.0000000000
162258  -45.868  -35.365  -23.280 0.0000000000
162262  -44.519  -34.273  -22.483 0.0000000000
162263  -44.981  -34.238  -22.554 0.0000000000
162265  -45.453  -34.805  -22.923 0.0000000000
162266  -45.424  -35.348  -23.236 0.0000000000
162267  -45.442  -35.989  -23.427 0.0000000000
162268  -44.992  -36.662  -23.488 0.0000000000
162269  -44.638  -37.366  -23.266 0.0000000000
162270  -44.142  -37.945  -22.824 0.0000000000
162271  -43.738  -37.485  -22.864 0.0000000000
162272  -43.792  -37.974  -22.585 0.0000000000
162273  -43.850  -38.408  -22.152 0.0000000000
162274  -43.493  -38.766  -21.562 0.0000000000
162275  -43.102  -39.178  -21.083 0.0000000000
162276  -42.655  -39.513  -20.704 0.0000000000
162277  -42.328  -39.646  -20.840 0.0000000000
162278  -41.961  -39.722  -21.086 0.0000000000
162279  -41.601  -39.850  -21.303 0.0000000000
162280  -42.024  -38.994  -21.661 0.0000000000
162281  -41.591  -39.462  -21.614 0.0000000000
162282  -41.413  -40.029  -21.536 0.0000000000
162283  -41.143  -40.239  -21.939 0.0000000000
162284  -40.835  -40.417  -22.082 0.0000000000
162285  -40.561  -40.566  -22.365 0.0000000000
162286  -41.902  -37.120  -21.994 0.0000000000
162287  -41.632  -37.644  -21.972 0.0000000000
162288  -41.247  -38.234  -21.865 0.0000000000
162289  -40.816  -37.968  -21.941 0.0000000000
162290  -40.868  -38.430  -21.910 0.0000000000
162291  -40.973  -38.878  -22.007 0.0000000000
162292  -40.726  -39.472  -22.246 0.0000000000
162293  -40.444  -40.231  -22.405 0.0000000000
162294  -40.161  -40.824  -22.635 0.0000000000
162295  -39.667  -41.169  -22.748 0.0000000000
162296  -39.222  -41.519  -22.820 0.0000000000
162297  -38.593  -41.893  -22.616 0.0000000000
162298  -38.862  -40.560  -22.654 0.0000000000
162299  -38.398  -41.365  -22.623 0.0000000000
162300  -38.052  -42.313  -22.533 0.0000000000
