#!ascii label  , from subject fsaverage vox2ras=TkReg coords=white
494
342  -54.022  -41.744  -20.299 0.0000000000
619  -55.629  -52.280  -15.537 0.0000000000
1384  -53.104  -42.720  -24.294 0.0000000000
1385  -53.131  -47.861  -20.835 0.0000000000
1386  -49.321  -44.794  -18.213 0.0000000000
1766  -54.977  -40.593  -16.822 0.0000000000
2494  -57.049  -47.820  -19.545 0.0000000000
3304  -50.834  -42.282  -24.124 0.0000000000
3305  -51.277  -43.915  -22.188 0.0000000000
5584  -55.284  -50.598  -13.637 0.0000000000
5585  -55.834  -52.156  -11.476 0.0000000000
5586  -55.675  -53.826  -12.979 0.0000000000
5589  -54.305  -41.570  -18.285 0.0000000000
5590  -56.366  -43.999  -18.350 0.0000000000
5591  -55.703  -44.774  -19.575 0.0000000000
5592  -50.907  -49.151  -17.732 0.0000000000
5593  -53.314  -50.705  -19.361 0.0000000000
7097  -56.226  -48.541  -16.221 0.0000000000
7098  -54.168  -42.014  -22.538 0.0000000000
7099  -55.101  -44.860  -21.273 0.0000000000
7100  -53.406  -44.999  -22.668 0.0000000000
7101  -51.013  -46.349  -19.728 0.0000000000
7102  -48.774  -47.623  -15.966 0.0000000000
7965  -54.266  -39.698  -24.040 0.0000000000
7966  -52.970  -40.375  -25.647 0.0000000000
10037  -57.749  -46.399  -17.858 0.0000000000
10038  -56.952  -50.277  -18.001 0.0000000000
10039  -55.526  -48.417  -20.615 0.0000000000
10040  -55.788  -51.366  -19.659 0.0000000000
10041  -55.313  -53.867  -17.438 0.0000000000
10985  -50.201  -42.555  -22.543 0.0000000000
13264  -55.423  -51.400  -14.664 0.0000000000
13265  -55.506  -52.134  -13.395 0.0000000000
13266  -55.510  -52.992  -14.300 0.0000000000
13268  -55.481  -53.870  -15.305 0.0000000000
13269  -54.143  -41.651  -19.273 0.0000000000
13270  -55.015  -43.167  -18.934 0.0000000000
13271  -54.802  -43.246  -19.818 0.0000000000
13272  -49.731  -49.748  -16.028 0.0000000000
13273  -50.881  -50.466  -16.968 0.0000000000
15667  -55.575  -47.792  -15.151 0.0000000000
15668  -56.450  -46.755  -16.028 0.0000000000
15669  -53.904  -42.473  -23.535 0.0000000000
15670  -54.180  -43.648  -22.867 0.0000000000
15671  -53.340  -43.920  -23.620 0.0000000000
15672  -50.433  -44.183  -20.262 0.0000000000
15673  -51.245  -44.995  -20.945 0.0000000000
15674  -50.180  -45.571  -18.894 0.0000000000
15675  -49.908  -47.026  -17.708 0.0000000000
15676  -49.061  -46.170  -17.018 0.0000000000
15677  -47.955  -46.824  -15.276 0.0000000000
15678  -48.251  -45.404  -16.271 0.0000000000
17482  -51.941  -40.334  -25.828 0.0000000000
22526  -56.053  -41.657  -17.100 0.0000000000
22527  -56.842  -45.802  -19.032 0.0000000000
22528  -57.413  -45.047  -18.327 0.0000000000
22529  -57.455  -47.132  -18.786 0.0000000000
22530  -57.443  -48.440  -18.034 0.0000000000
22531  -57.327  -49.096  -18.874 0.0000000000
22532  -54.494  -46.649  -21.430 0.0000000000
22533  -55.412  -46.658  -20.772 0.0000000000
22534  -54.424  -48.355  -20.859 0.0000000000
22535  -53.281  -52.004  -18.618 0.0000000000
22536  -54.578  -51.202  -19.788 0.0000000000
22537  -54.463  -52.558  -18.996 0.0000000000
22538  -55.565  -52.601  -18.688 0.0000000000
22539  -54.292  -53.988  -17.902 0.0000000000
24378  -51.815  -42.660  -24.451 0.0000000000
24379  -52.204  -43.588  -23.753 0.0000000000
24380  -51.089  -43.051  -23.280 0.0000000000
24381  -50.414  -43.183  -21.428 0.0000000000
24382  -49.499  -43.605  -19.479 0.0000000000
28482  -55.220  -49.815  -12.785 0.0000000000
28484  -55.660  -51.533  -12.675 0.0000000000
28485  -55.876  -53.000  -12.255 0.0000000000
28491  -54.574  -41.163  -17.455 0.0000000000
28492  -55.592  -42.318  -17.652 0.0000000000
28493  -55.256  -42.900  -18.228 0.0000000000
28494  -55.928  -44.525  -18.948 0.0000000000
28495  -56.350  -46.364  -19.662 0.0000000000
28496  -51.911  -48.617  -19.380 0.0000000000
28497  -53.107  -49.374  -20.042 0.0000000000
28498  -52.079  -49.974  -18.649 0.0000000000
28499  -52.019  -51.355  -17.840 0.0000000000
31917  -55.003  -48.921  -13.931 0.0000000000
31918  -55.461  -49.641  -14.989 0.0000000000
31919  -55.806  -50.367  -15.950 0.0000000000
31920  -54.129  -41.805  -21.357 0.0000000000
31921  -54.716  -43.188  -20.762 0.0000000000
31922  -54.575  -43.321  -21.857 0.0000000000
31923  -54.477  -45.048  -22.125 0.0000000000
31924  -53.316  -46.282  -21.659 0.0000000000
31925  -52.250  -44.590  -22.679 0.0000000000
31926  -52.168  -45.767  -21.508 0.0000000000
31927  -51.955  -47.123  -20.427 0.0000000000
31928  -50.849  -47.864  -18.517 0.0000000000
31929  -49.790  -48.392  -16.738 0.0000000000
31930  -48.616  -49.046  -15.176 0.0000000000
34223  -53.509  -40.277  -19.851 0.0000000000
34232  -53.589  -40.353  -21.000 0.0000000000
34233  -53.883  -40.443  -22.148 0.0000000000
34234  -54.017  -40.818  -23.250 0.0000000000
34235  -53.751  -41.258  -24.295 0.0000000000
34237  -53.803  -40.184  -24.973 0.0000000000
34238  -52.842  -41.517  -24.913 0.0000000000
34239  -51.804  -41.639  -25.104 0.0000000000
34240  -50.812  -41.436  -24.890 0.0000000000
40345  -56.793  -43.271  -17.791 0.0000000000
40346  -57.605  -44.452  -17.508 0.0000000000
40347  -57.319  -45.752  -16.765 0.0000000000
40348  -57.148  -47.607  -17.067 0.0000000000
40349  -56.731  -49.446  -17.151 0.0000000000
40350  -56.213  -51.356  -16.876 0.0000000000
40351  -55.451  -44.821  -20.286 0.0000000000
40352  -55.955  -46.652  -20.141 0.0000000000
40353  -56.445  -48.369  -20.148 0.0000000000
40354  -54.505  -49.815  -20.390 0.0000000000
40355  -55.787  -50.020  -20.252 0.0000000000
40356  -56.908  -49.735  -19.742 0.0000000000
40357  -56.724  -50.931  -18.890 0.0000000000
40358  -56.170  -52.188  -17.865 0.0000000000
40359  -55.732  -53.167  -16.578 0.0000000000
43984  -55.521  -51.802  -15.111 0.0000000000
43985  -55.419  -52.162  -14.473 0.0000000000
43986  -55.554  -52.653  -14.949 0.0000000000
43987  -55.483  -53.451  -14.794 0.0000000000
43988  -55.578  -53.124  -15.444 0.0000000000
43989  -54.048  -41.698  -19.769 0.0000000000
43990  -54.474  -42.444  -19.536 0.0000000000
43991  -54.387  -42.482  -20.033 0.0000000000
46389  -53.602  -42.657  -23.976 0.0000000000
46390  -53.697  -43.243  -23.624 0.0000000000
46391  -53.201  -43.325  -23.981 0.0000000000
46392  -49.861  -44.515  -19.281 0.0000000000
46393  -50.324  -44.816  -19.628 0.0000000000
46394  -49.749  -45.173  -18.587 0.0000000000
46395  -49.604  -45.892  -17.919 0.0000000000
46396  -49.182  -45.480  -17.583 0.0000000000
46397  -48.662  -45.746  -16.651 0.0000000000
46398  -48.761  -45.085  -17.217 0.0000000000
53246  -55.471  -41.151  -16.975 0.0000000000
53247  -56.901  -46.791  -19.305 0.0000000000
53248  -57.163  -46.478  -18.949 0.0000000000
53249  -57.229  -47.489  -19.166 0.0000000000
53250  -57.458  -48.059  -18.824 0.0000000000
53251  -57.317  -48.427  -19.259 0.0000000000
53252  -53.846  -47.384  -21.219 0.0000000000
53253  -54.452  -47.485  -21.144 0.0000000000
53254  -53.759  -48.224  -20.870 0.0000000000
53255  -53.221  -52.693  -18.143 0.0000000000
53256  -53.872  -52.342  -18.875 0.0000000000
53257  -53.808  -53.085  -18.363 0.0000000000
53258  -54.393  -53.269  -18.444 0.0000000000
53259  -53.719  -53.797  -17.892 0.0000000000
55989  -51.334  -42.472  -24.383 0.0000000000
55990  -51.407  -42.868  -23.964 0.0000000000
55991  -50.930  -42.643  -23.702 0.0000000000
55992  -49.852  -42.624  -21.575 0.0000000000
55993  -50.271  -42.852  -21.972 0.0000000000
55994  -49.963  -42.923  -21.005 0.0000000000
55995  -49.994  -43.344  -20.454 0.0000000000
55996  -49.509  -43.103  -20.033 0.0000000000
62829  -55.266  -50.193  -13.224 0.0000000000
62830  -55.590  -50.633  -12.720 0.0000000000
62831  -55.460  -50.990  -13.099 0.0000000000
62832  -55.629  -52.973  -13.212 0.0000000000
62833  -55.714  -52.587  -12.843 0.0000000000
62834  -55.786  -53.414  -12.566 0.0000000000
62835  -55.936  -53.777  -12.033 0.0000000000
62844  -54.423  -41.390  -17.815 0.0000000000
62845  -54.887  -42.059  -17.839 0.0000000000
62846  -54.751  -42.282  -18.248 0.0000000000
62847  -55.382  -43.965  -19.254 0.0000000000
62848  -55.478  -43.870  -18.867 0.0000000000
62849  -55.821  -44.647  -19.268 0.0000000000
62850  -56.155  -45.370  -19.340 0.0000000000
62851  -56.041  -45.558  -19.610 0.0000000000
62852  -51.390  -48.857  -18.510 0.0000000000
62853  -52.019  -49.261  -18.992 0.0000000000
62854  -51.434  -49.530  -18.190 0.0000000000
62855  -50.819  -51.244  -16.550 0.0000000000
62856  -51.451  -50.924  -17.403 0.0000000000
62857  -51.373  -51.667  -16.965 0.0000000000
62858  -51.920  -52.061  -17.391 0.0000000000
70037  -54.811  -48.501  -13.427 0.0000000000
70038  -54.891  -48.019  -14.010 0.0000000000
70039  -55.937  -48.122  -15.704 0.0000000000
70040  -55.539  -48.688  -15.102 0.0000000000
70041  -55.811  -49.078  -15.617 0.0000000000
70042  -55.630  -50.045  -15.508 0.0000000000
70043  -56.016  -49.511  -16.140 0.0000000000
70044  -54.170  -41.890  -21.953 0.0000000000
70045  -54.395  -42.469  -21.556 0.0000000000
70046  -54.391  -42.643  -22.164 0.0000000000
70047  -53.902  -44.344  -22.888 0.0000000000
70048  -54.364  -44.223  -22.517 0.0000000000
70049  -54.023  -45.057  -22.438 0.0000000000
70050  -53.973  -45.720  -21.996 0.0000000000
70051  -53.424  -45.616  -22.142 0.0000000000
70052  -51.722  -43.742  -23.101 0.0000000000
70053  -52.282  -44.075  -23.289 0.0000000000
70054  -51.749  -44.280  -22.478 0.0000000000
70055  -51.099  -45.646  -20.364 0.0000000000
70056  -51.650  -45.401  -21.305 0.0000000000
70057  -51.551  -46.033  -20.691 0.0000000000
70058  -52.083  -46.348  -20.971 0.0000000000
70059  -51.462  -46.731  -20.090 0.0000000000
70060  -51.368  -47.479  -19.482 0.0000000000
70061  -50.932  -47.133  -19.042 0.0000000000
70062  -49.333  -47.315  -16.805 0.0000000000
70063  -49.839  -47.749  -17.199 0.0000000000
70064  -49.251  -48.030  -16.356 0.0000000000
70065  -49.204  -48.666  -15.955 0.0000000000
70066  -48.699  -48.337  -15.529 0.0000000000
70068  -48.256  -47.957  -15.162 0.0000000000
70069  -47.552  -46.455  -14.907 0.0000000000
70070  -47.391  -47.232  -14.490 0.0000000000
75465  -53.400  -39.633  -20.771 0.0000000000
75466  -53.533  -39.628  -21.376 0.0000000000
75467  -53.736  -40.375  -21.601 0.0000000000
75468  -53.728  -39.635  -22.001 0.0000000000
75469  -54.225  -39.415  -23.518 0.0000000000
75470  -54.092  -39.983  -23.112 0.0000000000
75471  -54.121  -40.255  -23.620 0.0000000000
75472  -53.954  -41.032  -23.791 0.0000000000
75473  -54.006  -40.562  -24.122 0.0000000000
75479  -53.393  -40.311  -25.348 0.0000000000
75480  -53.354  -40.810  -24.962 0.0000000000
75481  -52.833  -40.972  -25.258 0.0000000000
75482  -52.338  -41.627  -25.069 0.0000000000
75483  -52.328  -41.053  -25.434 0.0000000000
75484  -51.452  -40.297  -25.741 0.0000000000
75485  -51.339  -40.955  -25.377 0.0000000000
90572  -55.798  -51.470  -11.698 0.0000000000
90574  -55.684  -51.733  -11.133 0.0000000000
90617  -55.961  -43.165  -17.987 0.0000000000
90618  -56.179  -42.822  -17.725 0.0000000000
90619  -56.619  -43.636  -18.090 0.0000000000
90620  -57.646  -45.745  -18.180 0.0000000000
90621  -57.586  -44.739  -17.962 0.0000000000
90622  -57.733  -45.424  -17.715 0.0000000000
90623  -57.598  -45.118  -17.180 0.0000000000
90624  -57.694  -46.083  -17.321 0.0000000000
90625  -57.286  -46.619  -16.939 0.0000000000
90626  -57.525  -46.998  -17.482 0.0000000000
90627  -57.186  -49.369  -18.006 0.0000000000
90628  -57.106  -49.007  -17.619 0.0000000000
90629  -56.876  -49.895  -17.525 0.0000000000
90630  -56.488  -50.362  -17.043 0.0000000000
90631  -56.585  -50.818  -17.503 0.0000000000
90632  -55.000  -43.986  -21.043 0.0000000000
90633  -55.125  -44.000  -20.548 0.0000000000
90634  -55.307  -44.808  -20.785 0.0000000000
90635  -55.454  -47.556  -20.714 0.0000000000
90636  -55.716  -46.664  -20.438 0.0000000000
90637  -55.840  -47.604  -20.474 0.0000000000
90638  -56.179  -47.567  -20.213 0.0000000000
90639  -56.012  -48.481  -20.395 0.0000000000
90640  -53.199  -50.035  -19.686 0.0000000000
90641  -53.802  -49.703  -20.288 0.0000000000
90642  -53.878  -50.342  -19.970 0.0000000000
90643  -55.219  -51.322  -19.795 0.0000000000
90644  -55.255  -50.662  -20.109 0.0000000000
90645  -55.846  -50.683  -19.989 0.0000000000
90646  -56.399  -49.938  -20.028 0.0000000000
90647  -56.441  -50.556  -19.742 0.0000000000
90648  -56.899  -50.367  -19.378 0.0000000000
90649  -56.330  -51.193  -19.355 0.0000000000
90650  -55.437  -53.239  -18.030 0.0000000000
90651  -55.953  -52.438  -18.321 0.0000000000
90652  -55.738  -53.044  -17.646 0.0000000000
90653  -55.921  -52.708  -17.206 0.0000000000
90654  -55.594  -53.550  -17.047 0.0000000000
90655  -55.495  -53.978  -16.418 0.0000000000
90656  -55.243  -54.352  -16.838 0.0000000000
93498  -50.370  -42.119  -23.872 0.0000000000
93499  -50.489  -42.458  -23.404 0.0000000000
93500  -50.100  -42.282  -23.113 0.0000000000
97602  -55.273  -50.995  -14.137 0.0000000000
97603  -55.355  -51.306  -13.533 0.0000000000
97604  -55.321  -51.751  -14.002 0.0000000000
97605  -55.467  -52.555  -13.863 0.0000000000
97606  -55.526  -53.282  -13.576 0.0000000000
97607  -55.609  -54.186  -13.378 0.0000000000
97608  -55.508  -53.792  -14.078 0.0000000000
97611  -54.195  -41.663  -18.758 0.0000000000
97612  -54.630  -42.387  -18.616 0.0000000000
97613  -54.554  -42.488  -19.044 0.0000000000
97614  -54.919  -43.245  -19.350 0.0000000000
97615  -55.305  -43.991  -19.652 0.0000000000
97616  -50.321  -49.349  -16.847 0.0000000000
97617  -50.908  -49.736  -17.347 0.0000000000
97618  -50.306  -50.080  -16.496 0.0000000000
101930  -56.312  -47.644  -16.167 0.0000000000
101931  -54.099  -42.216  -23.029 0.0000000000
101932  -54.287  -42.817  -22.703 0.0000000000
101933  -54.075  -43.041  -23.204 0.0000000000
101934  -53.773  -43.804  -23.269 0.0000000000
101935  -53.361  -44.373  -23.185 0.0000000000
101936  -50.916  -44.046  -21.227 0.0000000000
101937  -51.341  -44.446  -21.581 0.0000000000
101938  -50.848  -44.596  -20.625 0.0000000000
101939  -50.736  -45.204  -20.031 0.0000000000
101940  -50.654  -45.924  -19.353 0.0000000000
101941  -50.537  -46.685  -18.710 0.0000000000
101942  -50.055  -46.294  -18.271 0.0000000000
101943  -49.452  -46.603  -17.332 0.0000000000
101944  -48.915  -46.882  -16.466 0.0000000000
101945  -48.346  -47.196  -15.609 0.0000000000
101946  -48.518  -46.470  -16.107 0.0000000000
101947  -48.114  -46.078  -15.771 0.0000000000
101948  -47.720  -45.706  -15.440 0.0000000000
105194  -52.385  -40.391  -25.792 0.0000000000
105195  -52.482  -39.824  -26.106 0.0000000000
105196  -52.013  -39.750  -26.119 0.0000000000
114248  -55.822  -52.936  -11.305 0.0000000000
114249  -55.652  -52.478  -10.978 0.0000000000
114274  -56.623  -42.154  -17.181 0.0000000000
114275  -56.635  -44.860  -18.694 0.0000000000
114276  -56.944  -44.498  -18.393 0.0000000000
114277  -57.110  -45.453  -18.705 0.0000000000
114278  -57.449  -46.081  -18.601 0.0000000000
114279  -57.670  -46.723  -18.341 0.0000000000
114280  -57.596  -47.414  -17.954 0.0000000000
114281  -57.549  -47.778  -18.429 0.0000000000
114282  -57.382  -48.770  -18.433 0.0000000000
114283  -57.237  -49.685  -18.426 0.0000000000
114284  -54.980  -45.805  -21.392 0.0000000000
114285  -55.296  -45.738  -21.025 0.0000000000
114286  -55.000  -46.711  -21.141 0.0000000000
114287  -55.017  -47.571  -20.962 0.0000000000
114288  -55.037  -48.421  -20.796 0.0000000000
114289  -53.334  -51.368  -18.963 0.0000000000
114290  -53.937  -50.959  -19.658 0.0000000000
114291  -53.924  -51.662  -19.313 0.0000000000
114292  -54.518  -51.877  -19.421 0.0000000000
114293  -55.103  -51.973  -19.407 0.0000000000
114294  -55.680  -51.989  -19.248 0.0000000000
114295  -55.038  -52.641  -18.963 0.0000000000
114296  -54.948  -53.327  -18.343 0.0000000000
114297  -54.838  -54.011  -17.766 0.0000000000
114298  -54.756  -54.705  -17.236 0.0000000000
118320  -52.470  -42.665  -24.472 0.0000000000
118321  -52.594  -43.250  -24.175 0.0000000000
118322  -51.971  -43.048  -24.178 0.0000000000
118323  -51.629  -43.258  -23.591 0.0000000000
118324  -51.209  -43.435  -22.812 0.0000000000
118325  -50.630  -42.822  -22.913 0.0000000000
118326  -50.757  -43.169  -22.421 0.0000000000
118327  -50.840  -43.528  -21.841 0.0000000000
118328  -50.481  -43.641  -20.825 0.0000000000
118329  -49.979  -43.890  -19.921 0.0000000000
118330  -49.449  -44.193  -18.861 0.0000000000
118331  -48.873  -44.403  -17.861 0.0000000000
118332  -48.958  -43.804  -18.553 0.0000000000
127899  -55.749  -51.116  -12.279 0.0000000000
127900  -55.854  -51.867  -12.059 0.0000000000
127901  -55.570  -51.775  -12.995 0.0000000000
127902  -55.797  -52.277  -12.488 0.0000000000
127903  -55.891  -52.585  -11.865 0.0000000000
127904  -55.953  -53.410  -11.628 0.0000000000
127917  -54.751  -40.883  -17.095 0.0000000000
127918  -55.260  -41.492  -17.256 0.0000000000
127919  -55.055  -41.785  -17.536 0.0000000000
127920  -55.386  -42.617  -17.910 0.0000000000
127921  -55.765  -43.460  -18.272 0.0000000000
127922  -55.104  -43.051  -18.552 0.0000000000
127923  -55.585  -43.709  -18.566 0.0000000000
127924  -56.135  -44.325  -18.625 0.0000000000
127925  -56.384  -45.147  -19.019 0.0000000000
127926  -56.544  -46.103  -19.343 0.0000000000
127927  -56.695  -47.081  -19.668 0.0000000000
127928  -52.461  -48.302  -20.179 0.0000000000
127929  -53.159  -48.668  -20.455 0.0000000000
127930  -52.485  -49.001  -19.752 0.0000000000
127931  -52.590  -49.678  -19.337 0.0000000000
127932  -52.652  -50.383  -18.987 0.0000000000
127933  -51.531  -50.244  -17.844 0.0000000000
127934  -52.123  -50.694  -18.299 0.0000000000
127935  -52.696  -51.096  -18.640 0.0000000000
127936  -52.695  -51.750  -18.327 0.0000000000
127937  -52.588  -52.381  -17.827 0.0000000000
137097  -54.905  -48.995  -12.831 0.0000000000
137098  -55.007  -49.430  -13.297 0.0000000000
137099  -55.135  -49.781  -13.798 0.0000000000
137100  -55.196  -48.373  -14.566 0.0000000000
137101  -55.231  -49.290  -14.452 0.0000000000
137102  -55.251  -50.159  -14.284 0.0000000000
137103  -55.377  -50.585  -14.773 0.0000000000
137104  -55.544  -50.943  -15.273 0.0000000000
137105  -55.715  -51.358  -15.751 0.0000000000
137106  -54.058  -41.740  -20.771 0.0000000000
137107  -54.358  -42.433  -20.540 0.0000000000
137108  -54.407  -42.477  -21.037 0.0000000000
137109  -54.646  -43.178  -21.313 0.0000000000
137110  -54.856  -44.050  -21.555 0.0000000000
137111  -54.441  -43.440  -22.363 0.0000000000
137112  -54.695  -44.109  -22.011 0.0000000000
137113  -54.863  -44.962  -21.707 0.0000000000
137114  -54.518  -45.805  -21.744 0.0000000000
137115  -53.940  -46.541  -21.610 0.0000000000
137116  -53.211  -47.071  -21.213 0.0000000000
137117  -52.771  -43.863  -23.805 0.0000000000
137118  -52.816  -44.347  -23.369 0.0000000000
137119  -52.839  -44.814  -22.779 0.0000000000
137120  -51.743  -44.852  -21.830 0.0000000000
137121  -52.244  -45.164  -22.054 0.0000000000
137122  -52.828  -45.432  -22.174 0.0000000000
137123  -52.746  -46.082  -21.645 0.0000000000
137124  -52.610  -46.758  -21.103 0.0000000000
137125  -52.545  -47.519  -20.678 0.0000000000
137126  -51.887  -47.895  -19.871 0.0000000000
137127  -51.336  -48.231  -18.920 0.0000000000
137128  -50.868  -48.490  -18.076 0.0000000000
137129  -50.384  -47.421  -18.135 0.0000000000
137130  -50.336  -48.108  -17.619 0.0000000000
137131  -50.320  -48.758  -17.208 0.0000000000
137132  -49.764  -48.990  -16.381 0.0000000000
137133  -49.096  -49.425  -15.588 0.0000000000
137139  -47.818  -47.667  -14.807 0.0000000000
137145  -48.344  -44.737  -16.829 0.0000000000
143720  -54.537  -40.010  -16.708 0.0000000000
143721  -54.351  -40.328  -17.055 0.0000000000
143722  -54.173  -40.538  -17.487 0.0000000000
143723  -54.002  -40.725  -17.923 0.0000000000
143726  -53.916  -40.894  -18.417 0.0000000000
143727  -53.903  -40.909  -18.984 0.0000000000
143728  -53.821  -40.947  -19.536 0.0000000000
143729  -53.733  -40.974  -20.069 0.0000000000
143755  -53.528  -40.342  -20.426 0.0000000000
143756  -53.756  -41.026  -20.671 0.0000000000
143757  -53.860  -41.122  -21.206 0.0000000000
143758  -53.961  -41.149  -21.748 0.0000000000
143759  -54.024  -41.248  -22.350 0.0000000000
143760  -53.969  -39.783  -22.602 0.0000000000
143761  -53.974  -40.594  -22.697 0.0000000000
143762  -54.091  -41.391  -22.944 0.0000000000
143763  -53.973  -41.657  -23.411 0.0000000000
143764  -53.784  -41.873  -23.934 0.0000000000
143765  -53.452  -41.994  -24.317 0.0000000000
143771  -54.117  -39.969  -24.493 0.0000000000
143772  -53.780  -40.685  -24.588 0.0000000000
143773  -53.380  -41.423  -24.622 0.0000000000
143774  -52.981  -42.079  -24.587 0.0000000000
143775  -52.390  -42.133  -24.733 0.0000000000
143776  -51.807  -42.140  -24.770 0.0000000000
143777  -51.266  -42.073  -24.740 0.0000000000
143778  -51.840  -40.964  -25.437 0.0000000000
143779  -51.303  -41.586  -25.040 0.0000000000
143780  -50.781  -41.889  -24.536 0.0000000000
143781  -50.295  -41.705  -24.348 0.0000000000
161989  -55.833  -42.019  -17.381 0.0000000000
161990  -56.432  -42.485  -17.466 0.0000000000
161991  -56.972  -42.937  -17.469 0.0000000000
161992  -57.197  -44.119  -18.117 0.0000000000
161993  -57.356  -43.813  -17.769 0.0000000000
161994  -57.375  -43.538  -17.349 0.0000000000
161998  -56.970  -46.279  -16.405 0.0000000000
161999  -56.819  -47.167  -16.540 0.0000000000
162000  -56.694  -48.093  -16.670 0.0000000000
162001  -57.343  -48.020  -17.556 0.0000000000
162002  -56.950  -48.547  -17.149 0.0000000000
162003  -56.537  -48.976  -16.716 0.0000000000
162004  -56.274  -49.896  -16.611 0.0000000000
162005  -56.088  -50.854  -16.419 0.0000000000
162006  -55.893  -51.864  -16.204 0.0000000000
162007  -54.741  -43.174  -20.247 0.0000000000
162008  -55.224  -44.020  -20.035 0.0000000000
162009  -55.596  -44.878  -19.903 0.0000000000
162010  -55.523  -45.761  -20.532 0.0000000000
162011  -55.709  -45.778  -20.160 0.0000000000
162012  -55.903  -45.756  -19.867 0.0000000000
162013  -56.119  -46.623  -19.928 0.0000000000
162014  -56.461  -47.363  -19.956 0.0000000000
162015  -56.795  -48.117  -19.857 0.0000000000
162016  -53.755  -48.945  -20.591 0.0000000000
162017  -54.435  -49.100  -20.632 0.0000000000
162018  -55.073  -49.217  -20.601 0.0000000000
162019  -54.567  -50.558  -20.116 0.0000000000
162020  -55.177  -49.984  -20.350 0.0000000000
162021  -55.640  -49.273  -20.465 0.0000000000
162022  -56.245  -49.238  -20.224 0.0000000000
162023  -56.767  -49.080  -19.958 0.0000000000
162024  -57.141  -48.780  -19.643 0.0000000000
162025  -57.197  -49.418  -19.332 0.0000000000
162026  -57.121  -50.040  -18.895 0.0000000000
162027  -56.898  -50.632  -18.419 0.0000000000
162028  -56.136  -51.819  -18.888 0.0000000000
162029  -56.449  -51.556  -18.405 0.0000000000
162030  -56.547  -51.282  -17.929 0.0000000000
162031  -56.225  -51.811  -17.365 0.0000000000
162032  -55.945  -52.316  -16.697 0.0000000000
162033  -55.756  -52.709  -16.071 0.0000000000
162034  -55.578  -53.595  -15.961 0.0000000000
