#!ascii label  , from subject fsaverage vox2ras=TkReg coords=white
487
155  -49.108  -41.426  -23.177 0.0000000000
622  -42.646  -39.897  -20.148 0.0000000000
1388  -45.890  -42.706  -16.342 0.0000000000
1390  -46.044  -40.232  -21.153 0.0000000000
2502  -40.245  -41.331  -22.469 0.0000000000
2503  -45.876  -35.972  -23.504 0.0000000000
2504  -42.624  -36.525  -22.474 0.0000000000
3306  -49.511  -42.696  -20.613 0.0000000000
3307  -47.593  -43.591  -16.972 0.0000000000
3308  -47.834  -41.832  -19.659 0.0000000000
3309  -46.261  -41.340  -18.876 0.0000000000
3310  -47.489  -40.832  -21.999 0.0000000000
5606  -42.356  -41.458  -18.387 0.0000000000
5608  -40.720  -42.253  -19.305 0.0000000000
5609  -39.719  -43.520  -20.746 0.0000000000
5610  -41.342  -40.523  -21.116 0.0000000000
5612  -47.706  -36.270  -23.714 0.0000000000
5616  -42.638  -34.044  -21.880 0.0000000000
5617  -41.118  -36.776  -21.965 0.0000000000
7109  -44.262  -41.171  -18.120 0.0000000000
7110  -44.371  -39.787  -20.160 0.0000000000
7967  -50.911  -40.135  -25.520 0.0000000000
7968  -48.983  -39.573  -24.543 0.0000000000
10062  -38.169  -42.811  -22.458 0.0000000000
10063  -47.291  -38.824  -23.731 0.0000000000
10064  -45.779  -38.486  -23.419 0.0000000000
10065  -44.222  -38.394  -22.411 0.0000000000
10067  -44.140  -36.253  -23.271 0.0000000000
10068  -42.774  -38.402  -21.875 0.0000000000
10069  -41.348  -38.670  -21.926 0.0000000000
10070  -39.743  -39.541  -22.345 0.0000000000
10984  -49.994  -41.938  -23.698 0.0000000000
10986  -49.351  -42.093  -21.872 0.0000000000
10987  -48.657  -42.275  -20.019 0.0000000000
10988  -48.575  -41.585  -21.393 0.0000000000
10989  -47.794  -41.231  -20.876 0.0000000000
10990  -48.290  -41.025  -22.564 0.0000000000
13286  -42.536  -40.617  -19.202 0.0000000000
13287  -41.440  -41.814  -18.702 0.0000000000
13288  -41.699  -40.861  -19.690 0.0000000000
13289  -41.084  -41.349  -20.293 0.0000000000
13290  -41.908  -40.117  -20.606 0.0000000000
13297  -41.829  -34.226  -21.971 0.0000000000
15679  -46.709  -43.090  -16.565 0.0000000000
15680  -46.460  -44.254  -15.328 0.0000000000
15685  -44.989  -42.675  -16.112 0.0000000000
15686  -46.171  -40.758  -20.078 0.0000000000
15687  -45.275  -41.147  -18.519 0.0000000000
15688  -45.327  -40.590  -19.545 0.0000000000
15689  -44.359  -40.497  -19.180 0.0000000000
15690  -45.321  -40.000  -20.623 0.0000000000
22586  -40.102  -42.433  -21.730 0.0000000000
22588  -39.423  -43.309  -22.200 0.0000000000
22589  -38.337  -43.944  -22.222 0.0000000000
22590  -39.355  -42.122  -22.719 0.0000000000
22591  -49.284  -38.335  -24.679 0.0000000000
22592  -48.093  -39.182  -23.970 0.0000000000
22593  -48.358  -37.889  -24.042 0.0000000000
22594  -46.788  -36.094  -23.560 0.0000000000
22595  -46.651  -37.317  -23.728 0.0000000000
22596  -45.862  -37.210  -23.742 0.0000000000
22597  -44.979  -38.406  -22.880 0.0000000000
22598  -45.014  -37.303  -23.489 0.0000000000
22602  -43.399  -35.166  -22.676 0.0000000000
22603  -44.170  -34.918  -22.761 0.0000000000
22604  -43.308  -36.424  -22.980 0.0000000000
22605  -43.364  -37.486  -22.646 0.0000000000
22606  -42.671  -37.435  -22.224 0.0000000000
22607  -42.012  -38.544  -21.860 0.0000000000
22608  -41.900  -37.586  -21.974 0.0000000000
22610  -40.347  -38.182  -21.964 0.0000000000
24382  -49.499  -43.605  -19.479 0.0000000000
24383  -48.444  -44.065  -17.567 0.0000000000
24384  -48.554  -43.072  -18.907 0.0000000000
24385  -47.711  -42.631  -18.385 0.0000000000
24386  -46.963  -42.154  -18.045 0.0000000000
24387  -46.151  -41.945  -17.560 0.0000000000
24388  -47.086  -41.614  -19.308 0.0000000000
24389  -47.008  -41.089  -20.562 0.0000000000
24390  -46.806  -40.554  -21.642 0.0000000000
28522  -42.160  -42.420  -17.336 0.0000000000
28524  -41.226  -42.786  -17.908 0.0000000000
28528  -40.162  -42.830  -20.044 0.0000000000
28529  -40.599  -41.855  -20.976 0.0000000000
28530  -40.850  -40.914  -21.808 0.0000000000
28539  -43.491  -33.946  -21.868 0.0000000000
28540  -42.654  -35.310  -22.363 0.0000000000
28541  -41.928  -36.627  -22.130 0.0000000000
28542  -41.872  -35.539  -22.191 0.0000000000
28543  -41.021  -35.665  -22.199 0.0000000000
31935  -47.421  -44.700  -15.737 0.0000000000
31945  -45.224  -41.832  -17.227 0.0000000000
31946  -44.142  -41.877  -17.083 0.0000000000
31947  -43.089  -42.025  -17.144 0.0000000000
31948  -43.299  -41.250  -18.081 0.0000000000
31949  -43.398  -40.548  -19.079 0.0000000000
31950  -43.471  -39.780  -20.015 0.0000000000
34241  -49.769  -40.993  -24.539 0.0000000000
34242  -48.872  -40.618  -24.126 0.0000000000
34243  -49.953  -39.879  -25.030 0.0000000000
34244  -50.217  -38.639  -25.368 0.0000000000
40423  -48.020  -40.210  -23.479 0.0000000000
40424  -47.255  -40.048  -23.073 0.0000000000
40425  -46.578  -39.818  -22.725 0.0000000000
40426  -47.557  -37.497  -23.676 0.0000000000
40427  -46.495  -38.643  -23.600 0.0000000000
40428  -45.797  -39.571  -22.325 0.0000000000
40429  -45.106  -39.231  -21.761 0.0000000000
40430  -44.302  -39.086  -21.347 0.0000000000
40431  -43.544  -39.092  -21.118 0.0000000000
40434  -45.948  -34.794  -23.102 0.0000000000
40436  -44.962  -34.828  -22.887 0.0000000000
40437  -45.037  -36.077  -23.342 0.0000000000
40438  -44.208  -37.441  -23.099 0.0000000000
40439  -43.474  -38.379  -21.977 0.0000000000
40440  -42.653  -39.187  -21.085 0.0000000000
40441  -42.006  -39.364  -21.411 0.0000000000
40442  -41.377  -39.583  -21.779 0.0000000000
40443  -40.806  -39.952  -22.274 0.0000000000
40444  -41.168  -37.797  -21.889 0.0000000000
40445  -40.634  -39.015  -22.088 0.0000000000
40446  -40.022  -40.429  -22.627 0.0000000000
40447  -39.061  -41.028  -22.770 0.0000000000
41704  -49.553  -41.718  -23.456 0.0000000000
41705  -49.686  -42.059  -22.844 0.0000000000
41706  -49.263  -41.791  -22.543 0.0000000000
41707  -48.956  -41.832  -21.660 0.0000000000
41708  -48.812  -41.567  -22.298 0.0000000000
41709  -48.442  -41.308  -22.042 0.0000000000
41710  -48.654  -41.182  -22.889 0.0000000000
44006  -42.607  -40.255  -19.667 0.0000000000
44007  -42.121  -40.734  -19.473 0.0000000000
44008  -42.199  -40.398  -19.911 0.0000000000
44009  -41.853  -40.489  -20.153 0.0000000000
44010  -42.269  -40.002  -20.361 0.0000000000
46399  -46.290  -42.936  -16.402 0.0000000000
46400  -46.146  -43.445  -15.749 0.0000000000
46401  -45.699  -43.260  -15.662 0.0000000000
46403  -45.204  -43.130  -15.590 0.0000000000
46405  -45.424  -42.687  -16.153 0.0000000000
46406  -46.134  -40.497  -20.619 0.0000000000
46407  -45.787  -40.651  -19.775 0.0000000000
46408  -45.708  -40.372  -20.353 0.0000000000
46409  -45.310  -40.277  -20.122 0.0000000000
46410  -45.658  -40.109  -20.866 0.0000000000
53306  -40.321  -41.831  -22.279 0.0000000000
53307  -39.762  -42.806  -21.992 0.0000000000
53308  -39.808  -42.212  -22.364 0.0000000000
53309  -39.421  -42.735  -22.531 0.0000000000
53310  -39.773  -41.689  -22.641 0.0000000000
53312  -48.810  -38.122  -24.309 0.0000000000
53314  -46.312  -36.039  -23.542 0.0000000000
53315  -46.309  -36.632  -23.682 0.0000000000
53316  -45.886  -36.615  -23.661 0.0000000000
53317  -45.470  -37.219  -23.654 0.0000000000
53318  -45.450  -36.600  -23.587 0.0000000000
53322  -42.993  -35.869  -22.636 0.0000000000
53323  -43.336  -35.813  -22.920 0.0000000000
53324  -42.989  -36.448  -22.729 0.0000000000
53325  -42.989  -36.936  -22.696 0.0000000000
53326  -42.639  -37.046  -22.363 0.0000000000
53327  -42.286  -37.511  -22.200 0.0000000000
53328  -42.253  -37.021  -22.259 0.0000000000
55992  -49.852  -42.624  -21.575 0.0000000000
55994  -49.963  -42.923  -21.005 0.0000000000
55996  -49.509  -43.103  -20.033 0.0000000000
55997  -49.047  -43.305  -19.163 0.0000000000
55998  -49.051  -42.853  -19.709 0.0000000000
55999  -48.282  -42.045  -19.821 0.0000000000
56000  -48.206  -42.383  -19.218 0.0000000000
56001  -47.799  -42.198  -19.049 0.0000000000
56002  -47.304  -42.388  -18.153 0.0000000000
56003  -47.411  -42.023  -18.904 0.0000000000
56004  -47.039  -41.867  -18.668 0.0000000000
56005  -47.465  -41.739  -19.506 0.0000000000
56006  -47.712  -41.004  -21.470 0.0000000000
56007  -47.389  -41.175  -20.727 0.0000000000
56008  -47.276  -40.862  -21.264 0.0000000000
56009  -46.916  -40.780  -21.165 0.0000000000
56010  -47.119  -40.688  -21.820 0.0000000000
62896  -42.247  -41.964  -17.824 0.0000000000
62897  -41.655  -42.552  -17.602 0.0000000000
62898  -41.740  -42.067  -18.010 0.0000000000
62899  -41.080  -42.046  -18.952 0.0000000000
62900  -40.931  -42.509  -18.529 0.0000000000
62901  -40.551  -42.765  -18.838 0.0000000000
62903  -40.253  -43.078  -19.195 0.0000000000
62905  -40.441  -42.559  -19.656 0.0000000000
62906  -41.224  -40.908  -20.742 0.0000000000
62907  -40.846  -41.643  -20.633 0.0000000000
62908  -40.995  -41.145  -21.066 0.0000000000
62909  -40.768  -41.405  -21.379 0.0000000000
62910  -41.111  -40.704  -21.521 0.0000000000
62924  -43.056  -33.961  -21.895 0.0000000000
62925  -43.095  -34.615  -22.271 0.0000000000
62926  -42.673  -34.692  -22.213 0.0000000000
62927  -42.270  -35.352  -22.311 0.0000000000
62928  -42.316  -34.699  -22.110 0.0000000000
62930  -41.531  -34.961  -22.236 0.0000000000
70074  -48.026  -43.810  -17.264 0.0000000000
70075  -47.936  -44.399  -16.576 0.0000000000
70076  -47.516  -44.122  -16.302 0.0000000000
70077  -45.783  -44.653  -14.619 0.0000000000
70078  -46.300  -44.905  -14.757 0.0000000000
70096  -46.236  -41.654  -18.273 0.0000000000
70097  -45.703  -41.903  -17.383 0.0000000000
70098  -45.767  -41.553  -18.102 0.0000000000
70099  -44.795  -41.141  -18.348 0.0000000000
70100  -44.735  -41.446  -17.712 0.0000000000
70101  -44.203  -41.538  -17.548 0.0000000000
70102  -43.593  -41.955  -17.077 0.0000000000
70103  -43.689  -41.558  -17.561 0.0000000000
70104  -43.207  -41.632  -17.602 0.0000000000
70105  -43.781  -41.200  -18.048 0.0000000000
70106  -44.369  -40.158  -19.679 0.0000000000
70107  -43.900  -40.519  -19.103 0.0000000000
70108  -43.930  -40.137  -19.557 0.0000000000
70109  -43.446  -40.162  -19.532 0.0000000000
70110  -43.914  -39.825  -20.107 0.0000000000
75484  -51.452  -40.297  -25.741 0.0000000000
75486  -50.826  -40.839  -25.192 0.0000000000
75487  -50.294  -41.236  -24.717 0.0000000000
75488  -50.319  -40.665  -25.018 0.0000000000
75489  -49.830  -40.463  -24.800 0.0000000000
75490  -50.434  -40.011  -25.258 0.0000000000
75492  -50.685  -38.808  -25.679 0.0000000000
90806  -38.260  -43.372  -22.361 0.0000000000
90807  -37.741  -44.340  -22.005 0.0000000000
90808  -37.625  -43.848  -22.052 0.0000000000
90811  -48.878  -40.135  -24.401 0.0000000000
90812  -48.438  -40.404  -23.823 0.0000000000
90813  -48.448  -39.906  -24.101 0.0000000000
90814  -47.690  -39.012  -23.737 0.0000000000
90815  -47.636  -39.574  -23.576 0.0000000000
90816  -47.231  -39.493  -23.458 0.0000000000
90817  -46.915  -39.964  -22.947 0.0000000000
90818  -46.832  -39.470  -23.380 0.0000000000
90820  -48.112  -37.078  -23.811 0.0000000000
90821  -47.641  -36.871  -23.686 0.0000000000
90822  -46.222  -37.865  -23.720 0.0000000000
90823  -46.599  -37.968  -23.737 0.0000000000
90824  -46.150  -38.540  -23.526 0.0000000000
90825  -46.137  -39.150  -23.139 0.0000000000
90826  -45.752  -39.071  -22.915 0.0000000000
90827  -45.475  -39.445  -22.014 0.0000000000
90828  -45.407  -38.955  -22.628 0.0000000000
90829  -44.588  -38.399  -22.671 0.0000000000
90830  -44.650  -38.814  -22.119 0.0000000000
90831  -44.243  -38.796  -21.931 0.0000000000
90832  -43.912  -39.072  -21.221 0.0000000000
90833  -43.872  -38.737  -21.688 0.0000000000
90845  -44.180  -35.634  -23.107 0.0000000000
90846  -44.511  -34.826  -22.789 0.0000000000
90847  -44.546  -35.423  -23.015 0.0000000000
90848  -45.009  -35.421  -23.126 0.0000000000
90849  -44.579  -36.109  -23.303 0.0000000000
90850  -44.603  -36.812  -23.414 0.0000000000
90851  -44.154  -36.860  -23.266 0.0000000000
90852  -43.005  -37.867  -22.231 0.0000000000
90853  -43.427  -37.906  -22.366 0.0000000000
90854  -43.081  -38.362  -21.863 0.0000000000
90855  -43.133  -38.760  -21.497 0.0000000000
90856  -42.740  -38.852  -21.481 0.0000000000
90857  -42.346  -39.277  -21.267 0.0000000000
90858  -42.366  -38.872  -21.564 0.0000000000
90859  -41.664  -38.605  -21.893 0.0000000000
90860  -41.644  -39.072  -21.728 0.0000000000
90861  -41.352  -39.098  -21.964 0.0000000000
90862  -41.106  -39.760  -22.050 0.0000000000
90863  -41.055  -39.270  -22.028 0.0000000000
90864  -41.531  -36.674  -22.053 0.0000000000
90865  -41.555  -37.171  -22.024 0.0000000000
90866  -41.139  -37.275  -21.893 0.0000000000
90867  -40.048  -38.793  -22.122 0.0000000000
90868  -40.445  -38.623  -21.976 0.0000000000
90869  -40.141  -39.255  -22.197 0.0000000000
90870  -40.309  -39.773  -22.282 0.0000000000
90871  -39.890  -39.975  -22.530 0.0000000000
90872  -39.587  -40.755  -22.717 0.0000000000
90873  -39.430  -40.272  -22.576 0.0000000000
93501  -49.773  -42.260  -22.187 0.0000000000
93502  -49.450  -42.423  -21.176 0.0000000000
93503  -49.069  -42.470  -20.322 0.0000000000
93504  -49.032  -42.123  -20.970 0.0000000000
93505  -48.620  -41.866  -20.698 0.0000000000
93506  -48.264  -41.655  -20.495 0.0000000000
93507  -47.820  -41.565  -20.255 0.0000000000
93508  -48.191  -41.387  -21.109 0.0000000000
93509  -48.063  -41.206  -21.673 0.0000000000
93510  -47.893  -40.901  -22.286 0.0000000000
97642  -42.466  -41.005  -18.839 0.0000000000
97643  -41.840  -41.601  -18.459 0.0000000000
97644  -41.975  -41.137  -18.963 0.0000000000
97645  -41.569  -41.333  -19.150 0.0000000000
97646  -41.223  -41.548  -19.503 0.0000000000
97647  -40.888  -41.784  -19.791 0.0000000000
97648  -41.359  -41.063  -20.023 0.0000000000
97649  -41.482  -40.674  -20.484 0.0000000000
97650  -41.582  -40.249  -20.911 0.0000000000
97660  -42.561  -33.382  -21.582 0.0000000000
97661  -42.262  -34.132  -21.894 0.0000000000
97662  -42.165  -33.459  -21.661 0.0000000000
101949  -47.151  -43.321  -16.747 0.0000000000
101950  -47.036  -43.861  -16.114 0.0000000000
101951  -46.580  -43.680  -15.877 0.0000000000
101952  -45.984  -44.051  -15.153 0.0000000000
101962  -46.220  -41.014  -19.467 0.0000000000
101963  -45.800  -41.225  -18.708 0.0000000000
101964  -45.809  -40.972  -19.245 0.0000000000
101965  -45.315  -40.876  -19.045 0.0000000000
101966  -44.826  -40.840  -18.860 0.0000000000
101967  -44.333  -40.846  -18.657 0.0000000000
101968  -44.850  -40.527  -19.382 0.0000000000
101969  -44.867  -40.224  -19.879 0.0000000000
101970  -44.844  -39.851  -20.387 0.0000000000
105197  -51.507  -39.644  -25.941 0.0000000000
105198  -51.030  -39.476  -25.772 0.0000000000
114382  -39.917  -42.984  -21.238 0.0000000000
114384  -39.645  -43.341  -21.566 0.0000000000
114385  -39.343  -43.822  -21.800 0.0000000000
114386  -38.905  -44.084  -22.028 0.0000000000
114388  -38.882  -43.531  -22.253 0.0000000000
114389  -38.819  -42.918  -22.463 0.0000000000
114390  -38.733  -42.468  -22.525 0.0000000000
114391  -49.114  -38.946  -24.633 0.0000000000
114392  -48.528  -39.350  -24.261 0.0000000000
114393  -48.651  -38.744  -24.317 0.0000000000
114394  -48.219  -38.568  -24.046 0.0000000000
114395  -47.836  -38.344  -23.867 0.0000000000
114396  -47.245  -36.137  -23.613 0.0000000000
114397  -47.199  -36.790  -23.640 0.0000000000
114398  -46.720  -36.724  -23.694 0.0000000000
114399  -46.321  -37.247  -23.787 0.0000000000
114400  -45.869  -37.815  -23.730 0.0000000000
114401  -45.400  -38.461  -23.162 0.0000000000
114402  -45.405  -37.866  -23.520 0.0000000000
114403  -44.979  -37.897  -23.264 0.0000000000
114404  -44.607  -37.895  -23.014 0.0000000000
114410  -43.803  -34.418  -22.398 0.0000000000
114411  -44.181  -34.329  -22.445 0.0000000000
114412  -43.770  -35.013  -22.758 0.0000000000
114413  -43.727  -35.732  -23.085 0.0000000000
114414  -43.674  -36.347  -23.201 0.0000000000
114415  -43.712  -36.969  -23.129 0.0000000000
114416  -43.313  -36.985  -22.874 0.0000000000
114417  -43.008  -37.411  -22.496 0.0000000000
114418  -42.735  -37.940  -22.129 0.0000000000
114419  -42.354  -38.390  -21.835 0.0000000000
114420  -42.327  -37.982  -21.982 0.0000000000
114421  -41.981  -38.044  -21.962 0.0000000000
114422  -41.662  -38.121  -21.857 0.0000000000
114423  -40.692  -37.009  -21.972 0.0000000000
114424  -40.742  -37.516  -21.933 0.0000000000
114425  -40.292  -37.609  -21.996 0.0000000000
114426  -39.958  -38.321  -22.097 0.0000000000
114427  -39.599  -39.061  -22.244 0.0000000000
118332  -48.958  -43.804  -18.553 0.0000000000
118333  -48.506  -43.509  -18.254 0.0000000000
118334  -48.081  -43.262  -17.943 0.0000000000
118335  -48.607  -42.658  -19.442 0.0000000000
118336  -48.106  -42.841  -18.624 0.0000000000
118337  -47.636  -43.080  -17.639 0.0000000000
118338  -47.225  -42.844  -17.425 0.0000000000
118339  -46.841  -42.588  -17.291 0.0000000000
118340  -46.440  -42.444  -17.116 0.0000000000
118341  -46.018  -42.316  -16.948 0.0000000000
118342  -46.575  -42.051  -17.800 0.0000000000
118343  -46.647  -41.706  -18.446 0.0000000000
118344  -46.679  -41.445  -19.096 0.0000000000
118345  -47.447  -41.475  -20.109 0.0000000000
118346  -47.068  -41.328  -19.996 0.0000000000
118347  -46.650  -41.189  -19.755 0.0000000000
118348  -46.609  -40.936  -20.358 0.0000000000
118349  -46.509  -40.648  -20.888 0.0000000000
118350  -46.426  -40.373  -21.405 0.0000000000
127995  -41.340  -42.278  -18.275 0.0000000000
128004  -39.921  -43.184  -20.358 0.0000000000
128005  -40.633  -42.096  -20.147 0.0000000000
128006  -40.386  -42.322  -20.559 0.0000000000
128007  -40.118  -42.683  -20.838 0.0000000000
128008  -40.388  -42.161  -21.412 0.0000000000
128009  -40.562  -41.603  -21.917 0.0000000000
128010  -40.595  -41.095  -22.231 0.0000000000
128021  -46.349  -35.459  -23.406 0.0000000000
128029  -43.835  -33.836  -22.042 0.0000000000
128030  -43.459  -34.477  -22.286 0.0000000000
128031  -43.047  -35.247  -22.575 0.0000000000
128032  -42.607  -35.970  -22.466 0.0000000000
128033  -42.242  -36.501  -22.263 0.0000000000
128034  -42.277  -35.940  -22.291 0.0000000000
128035  -41.880  -36.135  -22.135 0.0000000000
128036  -41.506  -36.160  -22.096 0.0000000000
128037  -41.868  -34.850  -22.157 0.0000000000
128038  -41.514  -35.635  -22.169 0.0000000000
128039  -41.084  -36.291  -22.064 0.0000000000
128040  -40.674  -36.431  -22.083 0.0000000000
137146  -47.834  -45.012  -15.997 0.0000000000
137147  -47.287  -45.360  -15.174 0.0000000000
137148  -46.941  -44.438  -15.548 0.0000000000
137149  -46.792  -45.106  -14.958 0.0000000000
137173  -45.652  -42.319  -16.742 0.0000000000
137174  -45.130  -42.252  -16.661 0.0000000000
137175  -44.566  -42.204  -16.653 0.0000000000
137176  -45.240  -41.471  -17.891 0.0000000000
137177  -44.688  -41.835  -17.134 0.0000000000
137178  -44.038  -42.291  -16.611 0.0000000000
137179  -43.475  -42.396  -16.605 0.0000000000
137182  -42.588  -42.229  -17.206 0.0000000000
137183  -42.702  -41.789  -17.682 0.0000000000
137184  -42.808  -41.322  -18.269 0.0000000000
137185  -43.839  -40.875  -18.581 0.0000000000
137186  -43.370  -40.906  -18.578 0.0000000000
137187  -42.904  -40.947  -18.637 0.0000000000
137188  -42.970  -40.522  -19.100 0.0000000000
137189  -43.022  -40.166  -19.562 0.0000000000
137190  -43.055  -39.823  -20.050 0.0000000000
143782  -49.834  -41.482  -24.171 0.0000000000
143783  -49.345  -41.251  -23.953 0.0000000000
143784  -48.948  -41.020  -23.662 0.0000000000
143785  -49.289  -40.810  -24.367 0.0000000000
143786  -49.326  -40.305  -24.595 0.0000000000
143787  -49.423  -39.742  -24.781 0.0000000000
143788  -50.547  -39.365  -25.477 0.0000000000
143789  -50.078  -39.280  -25.229 0.0000000000
143790  -49.600  -39.127  -24.925 0.0000000000
143791  -49.753  -38.507  -25.022 0.0000000000
162223  -48.536  -40.819  -23.376 0.0000000000
162224  -48.095  -40.612  -23.089 0.0000000000
162225  -47.728  -40.509  -22.792 0.0000000000
162226  -48.027  -39.724  -23.776 0.0000000000
162227  -47.649  -40.079  -23.233 0.0000000000
162228  -47.362  -40.428  -22.587 0.0000000000
162229  -47.007  -40.384  -22.372 0.0000000000
162230  -46.680  -40.238  -22.173 0.0000000000
162231  -46.335  -40.079  -21.957 0.0000000000
162232  -48.517  -37.266  -24.040 0.0000000000
162233  -47.972  -37.693  -23.832 0.0000000000
162234  -47.367  -38.193  -23.730 0.0000000000
162235  -47.077  -37.421  -23.708 0.0000000000
162236  -46.951  -38.003  -23.708 0.0000000000
162237  -46.870  -38.731  -23.650 0.0000000000
162238  -46.478  -39.310  -23.255 0.0000000000
162239  -46.201  -39.682  -22.564 0.0000000000
162240  -45.926  -39.947  -21.703 0.0000000000
162241  -45.562  -39.791  -21.442 0.0000000000
162242  -45.169  -39.611  -21.172 0.0000000000
162243  -44.777  -39.493  -20.960 0.0000000000
162244  -45.000  -38.825  -22.349 0.0000000000
162245  -44.699  -39.175  -21.568 0.0000000000
162246  -44.350  -39.441  -20.789 0.0000000000
162247  -43.907  -39.458  -20.648 0.0000000000
162248  -43.535  -39.443  -20.622 0.0000000000
162249  -43.099  -39.516  -20.535 0.0000000000
162258  -45.868  -35.365  -23.280 0.0000000000
162265  -45.453  -34.805  -22.923 0.0000000000
162266  -45.424  -35.348  -23.236 0.0000000000
162267  -45.442  -35.989  -23.427 0.0000000000
162268  -44.992  -36.662  -23.488 0.0000000000
162269  -44.638  -37.366  -23.266 0.0000000000
162270  -44.142  -37.945  -22.824 0.0000000000
162271  -43.738  -37.485  -22.864 0.0000000000
162272  -43.792  -37.974  -22.585 0.0000000000
162273  -43.850  -38.408  -22.152 0.0000000000
162274  -43.493  -38.766  -21.562 0.0000000000
162275  -43.102  -39.178  -21.083 0.0000000000
162276  -42.655  -39.513  -20.704 0.0000000000
162277  -42.328  -39.646  -20.840 0.0000000000
162278  -41.961  -39.722  -21.086 0.0000000000
162279  -41.601  -39.850  -21.303 0.0000000000
162280  -42.024  -38.994  -21.661 0.0000000000
162281  -41.591  -39.462  -21.614 0.0000000000
162282  -41.413  -40.029  -21.536 0.0000000000
162283  -41.143  -40.239  -21.939 0.0000000000
162284  -40.835  -40.417  -22.082 0.0000000000
162285  -40.561  -40.566  -22.365 0.0000000000
162286  -41.902  -37.120  -21.994 0.0000000000
162287  -41.632  -37.644  -21.972 0.0000000000
162288  -41.247  -38.234  -21.865 0.0000000000
162289  -40.816  -37.968  -21.941 0.0000000000
162290  -40.868  -38.430  -21.910 0.0000000000
162291  -40.973  -38.878  -22.007 0.0000000000
162292  -40.726  -39.472  -22.246 0.0000000000
162293  -40.444  -40.231  -22.405 0.0000000000
162294  -40.161  -40.824  -22.635 0.0000000000
162295  -39.667  -41.169  -22.748 0.0000000000
162296  -39.222  -41.519  -22.820 0.0000000000
162297  -38.593  -41.893  -22.616 0.0000000000
