#!ascii label  , from subject  vox2ras=
817
162089  -45.197  -51.877  -14.295 1.0000000000
13278  -47.043  -51.176  -12.954 0.0000000000
40378  -46.000  -50.645  -12.419 0.0000000000
90700  -46.718  -50.270  -13.109 0.0000000000
97628  -46.320  -51.425  -12.212 0.0000000000
162088  -47.240  -50.547  -13.428 0.0000000000
162090  -45.792  -51.215  -11.981 0.0000000000
5598  -45.692  -51.719  -11.449 0.0000000000
31931  -47.429  -49.842  -13.854 0.0000000000
43997  -47.582  -51.499  -13.268 0.0000000000
43998  -47.735  -50.854  -13.778 0.0000000000
62869  -46.230  -51.923  -11.621 0.0000000000
90699  -46.932  -49.541  -13.513 0.0000000000
90701  -46.230  -50.031  -12.819 0.0000000000
97627  -46.893  -51.678  -12.428 0.0000000000
137135  -47.915  -50.173  -14.179 0.0000000000
162091  -45.500  -50.322  -12.203 0.0000000000
162092  -45.270  -50.987  -11.753 0.0000000000
162093  -45.108  -51.520  -11.289 0.0000000000
620  -48.455  -50.488  -14.558 0.0000000000
7103  -46.468  -49.207  -13.235 0.0000000000
13276  -48.109  -51.668  -13.588 0.0000000000
13277  -46.785  -52.152  -11.901 0.0000000000
22555  -44.995  -50.047  -11.989 0.0000000000
40379  -44.534  -51.306  -11.249 0.0000000000
43996  -48.279  -51.113  -14.114 0.0000000000
62870  -46.104  -52.315  -11.124 0.0000000000
62871  -45.602  -52.197  -10.883 0.0000000000
62873  -44.948  -51.981  -10.786 0.0000000000
90703  -44.718  -50.737  -11.651 0.0000000000
97626  -47.443  -51.967  -12.755 0.0000000000
114325  -45.774  -49.638  -12.563 0.0000000000
137134  -48.552  -49.780  -14.889 0.0000000000
137136  -48.036  -49.457  -14.531 0.0000000000
137137  -47.564  -49.092  -14.204 0.0000000000
137138  -47.104  -48.788  -13.847 0.0000000000
162094  -44.330  -51.837  -10.720 0.0000000000
28507  -45.434  -52.572  -10.453 0.0000000000
28508  -44.174  -52.318  -10.247 0.0000000000
31930  -48.616  -49.046  -15.176 0.0000000000
31932  -47.650  -48.378  -14.495 0.0000000000
43992  -49.080  -50.080  -15.269 0.0000000000
43994  -48.984  -50.766  -14.933 0.0000000000
43995  -48.833  -51.427  -14.470 0.0000000000
62872  -44.796  -52.427  -10.293 0.0000000000
70067  -48.128  -48.729  -14.830 0.0000000000
90702  -44.184  -50.550  -11.543 0.0000000000
90704  -43.921  -51.181  -11.192 0.0000000000
90705  -43.683  -51.743  -10.767 0.0000000000
97623  -48.667  -52.002  -13.918 0.0000000000
97624  -47.985  -52.207  -13.063 0.0000000000
97625  -47.345  -52.379  -12.241 0.0000000000
114324  -46.020  -48.873  -12.972 0.0000000000
114326  -45.298  -49.306  -12.352 0.0000000000
114327  -44.463  -49.829  -11.870 0.0000000000
127953  -46.670  -52.554  -11.437 0.0000000000
127954  -45.995  -52.731  -10.645 0.0000000000
137133  -49.096  -49.425  -15.588 0.0000000000
137140  -47.235  -48.007  -14.142 0.0000000000
137141  -46.686  -48.445  -13.536 0.0000000000
162095  -43.542  -52.239  -10.316 0.0000000000
5596  -47.948  -52.618  -12.574 0.0000000000
10048  -43.348  -51.059  -11.301 0.0000000000
13272  -49.731  -49.748  -16.028 0.0000000000
13274  -49.568  -51.097  -15.315 0.0000000000
13275  -49.273  -52.316  -14.375 0.0000000000
22554  -45.558  -48.577  -12.719 0.0000000000
22556  -43.981  -49.691  -11.870 0.0000000000
28506  -46.585  -52.945  -10.942 0.0000000000
31933  -46.831  -47.691  -13.833 0.0000000000
40380  -42.879  -52.214  -10.448 0.0000000000
43993  -49.669  -50.436  -15.673 0.0000000000
53275  -44.765  -49.048  -12.238 0.0000000000
62862  -48.561  -52.505  -13.397 0.0000000000
62868  -47.244  -52.778  -11.738 0.0000000000
70065  -49.204  -48.666  -15.955 0.0000000000
70066  -48.699  -48.337  -15.529 0.0000000000
70068  -48.256  -47.957  -15.162 0.0000000000
70070  -47.391  -47.232  -14.490 0.0000000000
90706  -43.086  -51.668  -10.882 0.0000000000
97622  -49.353  -51.756  -14.860 0.0000000000
114328  -43.644  -50.397  -11.606 0.0000000000
127952  -45.927  -53.153  -10.183 0.0000000000
127955  -45.347  -52.986  -9.999 0.0000000000
127956  -44.681  -52.859  -9.856 0.0000000000
127957  -44.032  -52.764  -9.821 0.0000000000
127958  -43.373  -52.735  -9.866 0.0000000000
137132  -49.764  -48.990  -16.381 0.0000000000
137139  -47.818  -47.667  -14.807 0.0000000000
137142  -46.236  -48.096  -13.262 0.0000000000
162096  -42.739  -52.734  -10.001 0.0000000000
2497  -42.604  -53.221  -9.537 0.0000000000
5597  -45.276  -53.441  -9.528 0.0000000000
7102  -48.774  -47.623  -15.966 0.0000000000
15677  -47.955  -46.824  -15.276 0.0000000000
22549  -43.903  -53.218  -9.366 0.0000000000
31929  -49.790  -48.392  -16.738 0.0000000000
53269  -43.264  -53.194  -9.404 0.0000000000
53274  -45.032  -48.284  -12.543 0.0000000000
53276  -44.233  -48.914  -12.171 0.0000000000
62863  -49.240  -52.779  -13.846 0.0000000000
62864  -48.533  -52.906  -12.935 0.0000000000
62866  -47.878  -53.012  -12.076 0.0000000000
62867  -47.237  -53.174  -11.262 0.0000000000
70064  -49.251  -48.030  -16.356 0.0000000000
70069  -47.552  -46.455  -14.907 0.0000000000
70071  -46.965  -46.898  -14.185 0.0000000000
70072  -46.387  -47.367  -13.578 0.0000000000
90684  -45.951  -53.617  -9.762 0.0000000000
97616  -50.321  -49.349  -16.847 0.0000000000
97618  -50.306  -50.080  -16.496 0.0000000000
97619  -50.200  -50.805  -16.109 0.0000000000
97620  -50.104  -51.464  -15.736 0.0000000000
97621  -49.952  -52.094  -15.288 0.0000000000
101945  -48.346  -47.196  -15.609 0.0000000000
114315  -44.590  -53.314  -9.400 0.0000000000
127943  -49.891  -52.636  -14.834 0.0000000000
127951  -46.579  -53.354  -10.529 0.0000000000
137131  -50.320  -48.758  -17.208 0.0000000000
137143  -45.765  -47.835  -12.998 0.0000000000
162097  -43.424  -49.509  -11.980 0.0000000000
162098  -43.119  -50.292  -11.705 0.0000000000
162099  -42.815  -50.989  -11.380 0.0000000000
162102  -42.518  -51.638  -11.035 0.0000000000
162103  -42.313  -52.205  -10.632 0.0000000000
162104  -42.164  -52.773  -10.235 0.0000000000
162105  -42.000  -53.310  -9.789 0.0000000000
1387  -44.514  -48.105  -12.485 0.0000000000
5592  -50.907  -49.151  -17.732 0.0000000000
5594  -50.693  -51.868  -16.160 0.0000000000
7104  -47.129  -46.137  -14.642 0.0000000000
13273  -50.881  -50.466  -16.968 0.0000000000
28502  -50.525  -53.019  -15.256 0.0000000000
28503  -49.216  -53.173  -13.362 0.0000000000
28504  -47.868  -53.407  -11.613 0.0000000000
28505  -46.594  -53.797  -10.035 0.0000000000
28510  -42.914  -49.459  -12.186 0.0000000000
31934  -45.922  -47.069  -13.299 0.0000000000
40381  -42.283  -50.958  -11.604 0.0000000000
40382  -41.815  -52.214  -10.951 0.0000000000
40383  -41.501  -53.448  -10.126 0.0000000000
53270  -43.178  -53.702  -8.973 0.0000000000
53271  -42.507  -53.757  -9.101 0.0000000000
53273  -41.904  -53.836  -9.380 0.0000000000
62855  -50.819  -51.244  -16.550 0.0000000000
62861  -50.585  -52.478  -15.707 0.0000000000
62865  -48.519  -53.281  -12.458 0.0000000000
70062  -49.333  -47.315  -16.805 0.0000000000
70063  -49.839  -47.749  -17.199 0.0000000000
70073  -46.517  -46.581  -13.946 0.0000000000
90685  -45.955  -54.092  -9.282 0.0000000000
90686  -45.263  -53.913  -9.059 0.0000000000
90708  -42.604  -50.261  -11.907 0.0000000000
90713  -41.654  -52.876  -10.551 0.0000000000
97617  -50.908  -49.736  -17.347 0.0000000000
101944  -48.915  -46.882  -16.466 0.0000000000
101946  -48.518  -46.470  -16.107 0.0000000000
101947  -48.114  -46.078  -15.771 0.0000000000
101948  -47.720  -45.706  -15.440 0.0000000000
114316  -44.542  -53.794  -8.940 0.0000000000
114317  -43.853  -53.738  -8.925 0.0000000000
127944  -49.913  -53.079  -14.319 0.0000000000
127950  -47.222  -53.579  -10.798 0.0000000000
127960  -43.683  -48.755  -12.228 0.0000000000
137128  -50.868  -48.490  -18.076 0.0000000000
137130  -50.336  -48.108  -17.619 0.0000000000
137144  -45.236  -47.564  -12.887 0.0000000000
162101  -41.999  -51.609  -11.301 0.0000000000
162106  -41.394  -53.997  -9.748 0.0000000000
15675  -49.908  -47.026  -17.708 0.0000000000
15676  -49.061  -46.170  -17.018 0.0000000000
15678  -48.251  -45.404  -16.271 0.0000000000
22550  -43.788  -54.211  -8.473 0.0000000000
22551  -42.447  -54.283  -8.683 0.0000000000
22553  -41.309  -54.557  -9.355 0.0000000000
31928  -50.849  -47.864  -18.517 0.0000000000
40372  -45.303  -54.437  -8.687 0.0000000000
46397  -48.662  -45.746  -16.651 0.0000000000
53272  -41.838  -54.367  -8.966 0.0000000000
62852  -51.390  -48.857  -18.510 0.0000000000
62854  -51.434  -49.530  -18.190 0.0000000000
62856  -51.451  -50.924  -17.403 0.0000000000
62857  -51.373  -51.667  -16.965 0.0000000000
62859  -51.244  -52.320  -16.571 0.0000000000
62860  -51.182  -52.919  -16.149 0.0000000000
90707  -42.188  -50.310  -12.209 0.0000000000
90709  -41.866  -51.027  -11.954 0.0000000000
90711  -41.355  -52.352  -11.306 0.0000000000
90712  -41.181  -52.998  -10.952 0.0000000000
90714  -41.066  -53.623  -10.565 0.0000000000
90715  -40.963  -54.202  -10.204 0.0000000000
101943  -49.452  -46.603  -17.332 0.0000000000
114318  -43.128  -54.220  -8.549 0.0000000000
127933  -51.531  -50.244  -17.844 0.0000000000
127941  -51.175  -53.427  -15.698 0.0000000000
127942  -50.485  -53.457  -14.719 0.0000000000
127945  -49.836  -53.530  -13.756 0.0000000000
127946  -49.102  -53.610  -12.848 0.0000000000
127947  -48.479  -53.693  -11.967 0.0000000000
127948  -47.850  -53.820  -11.118 0.0000000000
127949  -47.233  -54.000  -10.321 0.0000000000
127959  -43.966  -47.938  -12.513 0.0000000000
127961  -43.164  -48.675  -12.360 0.0000000000
127962  -42.464  -49.508  -12.446 0.0000000000
137127  -51.336  -48.231  -18.920 0.0000000000
137129  -50.384  -47.421  -18.135 0.0000000000
137146  -47.834  -45.012  -15.997 0.0000000000
137147  -47.287  -45.360  -15.174 0.0000000000
137150  -46.631  -45.842  -14.421 0.0000000000
137151  -46.024  -46.299  -13.735 0.0000000000
137152  -45.425  -46.839  -13.187 0.0000000000
137153  -44.699  -47.361  -12.818 0.0000000000
162070  -46.600  -54.301  -9.541 0.0000000000
162071  -45.960  -54.594  -8.872 0.0000000000
162073  -44.507  -54.282  -8.510 0.0000000000
162100  -41.578  -51.682  -11.650 0.0000000000
162107  -40.871  -54.779  -9.830 0.0000000000
2496  -47.823  -54.231  -10.641 0.0000000000
5595  -50.433  -53.913  -14.203 0.0000000000
5600  -41.507  -51.141  -12.407 0.0000000000
10049  -40.683  -53.845  -11.043 0.0000000000
22542  -49.080  -54.052  -12.343 0.0000000000
22548  -46.611  -54.790  -9.104 0.0000000000
22558  -40.972  -52.509  -11.809 0.0000000000
28496  -51.911  -48.617  -19.380 0.0000000000
28498  -52.079  -49.974  -18.649 0.0000000000
28499  -52.019  -51.355  -17.840 0.0000000000
28500  -51.822  -52.730  -17.017 0.0000000000
28501  -51.763  -53.867  -16.101 0.0000000000
28509  -43.386  -47.844  -12.647 0.0000000000
28511  -42.066  -49.617  -12.852 0.0000000000
31935  -47.421  -44.700  -15.737 0.0000000000
31936  -46.116  -45.583  -14.227 0.0000000000
31937  -44.910  -46.639  -13.167 0.0000000000
40384  -40.486  -55.089  -10.319 0.0000000000
46395  -49.604  -45.892  -17.919 0.0000000000
46396  -49.182  -45.480  -17.583 0.0000000000
46398  -48.761  -45.085  -17.217 0.0000000000
53262  -48.474  -54.147  -11.453 0.0000000000
53268  -47.236  -54.513  -9.888 0.0000000000
62853  -52.019  -49.261  -18.992 0.0000000000
62858  -51.920  -52.061  -17.391 0.0000000000
62875  -42.688  -48.653  -12.634 0.0000000000
70060  -51.368  -47.479  -19.482 0.0000000000
70061  -50.932  -47.133  -19.042 0.0000000000
70075  -47.936  -44.399  -16.576 0.0000000000
70080  -45.532  -46.096  -13.583 0.0000000000
90662  -51.096  -53.881  -15.151 0.0000000000
90687  -43.075  -54.763  -8.166 0.0000000000
90688  -43.788  -54.737  -8.093 0.0000000000
90710  -40.806  -53.195  -11.432 0.0000000000
90716  -40.566  -54.471  -10.686 0.0000000000
101941  -50.537  -46.685  -18.710 0.0000000000
101942  -50.055  -46.294  -18.271 0.0000000000
114302  -49.778  -54.022  -13.245 0.0000000000
114314  -45.929  -55.090  -8.500 0.0000000000
114319  -42.416  -54.829  -8.297 0.0000000000
114321  -41.755  -54.929  -8.553 0.0000000000
114322  -41.202  -55.132  -8.930 0.0000000000
114323  -40.796  -55.360  -9.415 0.0000000000
114330  -41.240  -51.856  -12.114 0.0000000000
127934  -52.123  -50.694  -18.299 0.0000000000
127940  -51.784  -53.315  -16.570 0.0000000000
127963  -41.805  -50.423  -12.658 0.0000000000
137126  -51.887  -47.895  -19.871 0.0000000000
137145  -48.344  -44.737  -16.829 0.0000000000
137149  -46.792  -45.106  -14.958 0.0000000000
137154  -44.142  -47.189  -12.800 0.0000000000
162072  -45.238  -54.923  -8.313 0.0000000000
162074  -44.515  -54.786  -8.137 0.0000000000
162108  -40.450  -55.684  -9.912 0.0000000000
1386  -49.321  -44.794  -18.213 0.0000000000
7101  -51.013  -46.349  -19.728 0.0000000000
10045  -45.214  -55.444  -7.965 0.0000000000
10046  -42.390  -55.345  -7.917 0.0000000000
10047  -40.416  -56.239  -9.532 0.0000000000
15674  -50.180  -45.571  -18.894 0.0000000000
22552  -41.156  -55.688  -8.522 0.0000000000
24383  -48.444  -44.065  -17.567 0.0000000000
31927  -51.955  -47.123  -20.427 0.0000000000
40373  -43.788  -55.307  -7.711 0.0000000000
46394  -49.749  -45.173  -18.587 0.0000000000
53263  -49.074  -54.511  -11.868 0.0000000000
53264  -48.458  -54.604  -10.975 0.0000000000
53266  -47.825  -54.759  -10.193 0.0000000000
53267  -47.231  -55.057  -9.446 0.0000000000
62874  -42.886  -47.807  -12.861 0.0000000000
62876  -42.255  -48.701  -13.024 0.0000000000
70059  -51.462  -46.731  -20.090 0.0000000000
70074  -48.026  -43.810  -17.264 0.0000000000
70076  -47.516  -44.122  -16.302 0.0000000000
70078  -46.300  -44.905  -14.757 0.0000000000
70079  -45.634  -45.348  -14.041 0.0000000000
70081  -45.013  -45.921  -13.532 0.0000000000
70082  -44.335  -46.460  -13.149 0.0000000000
90663  -51.658  -54.318  -15.539 0.0000000000
90664  -51.062  -54.365  -14.680 0.0000000000
90679  -45.905  -55.609  -8.150 0.0000000000
90689  -43.073  -55.306  -7.765 0.0000000000
90694  -40.746  -55.932  -9.001 0.0000000000
101940  -50.654  -45.924  -19.353 0.0000000000
114303  -50.380  -54.435  -13.685 0.0000000000
114304  -49.752  -54.488  -12.727 0.0000000000
114313  -46.622  -55.307  -8.733 0.0000000000
114320  -41.716  -55.469  -8.163 0.0000000000
114329  -40.983  -52.025  -12.608 0.0000000000
114331  -40.737  -52.696  -12.322 0.0000000000
114332  -40.582  -53.449  -11.976 0.0000000000
114333  -40.445  -54.175  -11.565 0.0000000000
114334  -40.352  -54.827  -11.232 0.0000000000
118331  -48.873  -44.403  -17.861 0.0000000000
127928  -52.461  -48.302  -20.179 0.0000000000
127930  -52.485  -49.001  -19.752 0.0000000000
127931  -52.590  -49.678  -19.337 0.0000000000
127932  -52.652  -50.383  -18.987 0.0000000000
127935  -52.696  -51.096  -18.640 0.0000000000
127936  -52.695  -51.750  -18.327 0.0000000000
127937  -52.588  -52.381  -17.827 0.0000000000
127938  -52.499  -53.075  -17.371 0.0000000000
127939  -52.399  -53.667  -16.938 0.0000000000
127964  -41.775  -49.736  -13.321 0.0000000000
127965  -41.551  -50.549  -13.147 0.0000000000
127966  -41.257  -51.309  -12.877 0.0000000000
137125  -52.545  -47.519  -20.678 0.0000000000
137148  -46.941  -44.438  -15.548 0.0000000000
137155  -43.587  -47.074  -12.923 0.0000000000
162043  -52.308  -54.258  -16.444 0.0000000000
162075  -44.509  -55.326  -7.800 0.0000000000
162109  -40.251  -55.420  -10.896 0.0000000000
162110  -40.179  -56.002  -10.520 0.0000000000
162111  -40.169  -56.575  -10.112 0.0000000000
1385  -53.131  -47.861  -20.835 0.0000000000
2495  -53.122  -53.445  -17.646 0.0000000000
3307  -47.593  -43.591  -16.972 0.0000000000
5593  -53.314  -50.705  -19.361 0.0000000000
5599  -42.397  -47.875  -13.161 0.0000000000
7105  -45.145  -45.201  -13.966 0.0000000000
13280  -41.546  -49.887  -13.806 0.0000000000
15680  -46.460  -44.254  -15.328 0.0000000000
22535  -53.281  -52.004  -18.618 0.0000000000
22541  -52.922  -54.666  -16.762 0.0000000000
22543  -50.353  -54.968  -13.172 0.0000000000
22544  -49.080  -55.006  -11.368 0.0000000000
22546  -47.831  -55.307  -9.724 0.0000000000
22547  -46.543  -55.846  -8.381 0.0000000000
22557  -40.613  -52.977  -12.926 0.0000000000
22559  -40.337  -54.444  -12.239 0.0000000000
22560  -40.118  -55.739  -11.520 0.0000000000
28497  -53.107  -49.374  -20.042 0.0000000000
28512  -41.105  -51.530  -13.445 0.0000000000
31938  -43.800  -46.333  -13.226 0.0000000000
40363  -51.566  -54.818  -15.008 0.0000000000
40385  -40.026  -56.967  -10.744 0.0000000000
46392  -49.861  -44.515  -19.281 0.0000000000
46393  -50.324  -44.816  -19.628 0.0000000000
53255  -53.221  -52.693  -18.143 0.0000000000
53261  -53.022  -54.116  -17.188 0.0000000000
53265  -48.459  -55.120  -10.515 0.0000000000
53278  -40.473  -53.752  -12.586 0.0000000000
62878  -41.362  -50.712  -13.679 0.0000000000
70055  -51.099  -45.646  -20.364 0.0000000000
70057  -51.551  -46.033  -20.691 0.0000000000
70058  -52.083  -46.348  -20.971 0.0000000000
70077  -45.783  -44.653  -14.619 0.0000000000
70083  -44.498  -45.740  -13.540 0.0000000000
90640  -53.199  -50.035  -19.686 0.0000000000
90680  -45.808  -56.144  -7.835 0.0000000000
90681  -45.158  -55.983  -7.618 0.0000000000
90683  -44.450  -55.877  -7.438 0.0000000000
90690  -43.016  -55.826  -7.388 0.0000000000
90691  -42.334  -55.860  -7.535 0.0000000000
90693  -41.675  -56.000  -7.774 0.0000000000
90695  -40.708  -56.480  -8.618 0.0000000000
90696  -40.395  -56.806  -9.159 0.0000000000
90698  -40.183  -57.168  -9.735 0.0000000000
90718  -40.032  -56.391  -11.111 0.0000000000
97630  -41.905  -48.861  -13.447 0.0000000000
101939  -50.736  -45.204  -20.031 0.0000000000
101950  -47.036  -43.861  -16.114 0.0000000000
114289  -53.334  -51.368  -18.963 0.0000000000
114305  -49.748  -54.924  -12.203 0.0000000000
114312  -47.212  -55.570  -9.037 0.0000000000
114335  -40.223  -55.094  -11.884 0.0000000000
118330  -49.449  -44.193  -18.861 0.0000000000
118332  -48.958  -43.804  -18.553 0.0000000000
118333  -48.506  -43.509  -18.254 0.0000000000
118334  -48.081  -43.262  -17.943 0.0000000000
127929  -53.159  -48.668  -20.455 0.0000000000
127967  -40.812  -52.244  -13.154 0.0000000000
137116  -53.211  -47.071  -21.213 0.0000000000
137124  -52.610  -46.758  -21.103 0.0000000000
137156  -43.032  -47.078  -13.086 0.0000000000
162044  -52.195  -54.784  -15.897 0.0000000000
162046  -50.978  -54.857  -14.096 0.0000000000
162076  -43.708  -55.837  -7.351 0.0000000000
162082  -41.116  -56.218  -8.148 0.0000000000
162112  -40.060  -57.516  -10.400 0.0000000000
15672  -50.433  -44.183  -20.262 0.0000000000
15673  -51.245  -44.995  -20.945 0.0000000000
24382  -49.499  -43.605  -19.479 0.0000000000
24384  -48.554  -43.072  -18.907 0.0000000000
31924  -53.316  -46.282  -21.659 0.0000000000
31926  -52.168  -45.767  -21.508 0.0000000000
40370  -45.095  -56.538  -7.315 0.0000000000
40371  -43.652  -56.373  -7.002 0.0000000000
40374  -42.292  -56.438  -7.177 0.0000000000
40375  -41.058  -56.755  -7.777 0.0000000000
40376  -40.353  -57.389  -8.781 0.0000000000
40377  -40.101  -58.087  -10.014 0.0000000000
53252  -53.846  -47.384  -21.219 0.0000000000
53254  -53.759  -48.224  -20.870 0.0000000000
53256  -53.872  -52.342  -18.875 0.0000000000
53257  -53.808  -53.085  -18.363 0.0000000000
53259  -53.719  -53.797  -17.892 0.0000000000
53260  -53.637  -54.446  -17.382 0.0000000000
53277  -40.480  -54.118  -13.259 0.0000000000
53279  -40.351  -54.812  -12.928 0.0000000000
53280  -40.201  -55.495  -12.563 0.0000000000
55997  -49.047  -43.305  -19.163 0.0000000000
62877  -41.256  -50.905  -14.220 0.0000000000
62879  -41.032  -51.736  -14.034 0.0000000000
62880  -40.779  -52.490  -13.788 0.0000000000
70056  -51.650  -45.401  -21.305 0.0000000000
90641  -53.802  -49.703  -20.288 0.0000000000
90642  -53.878  -50.342  -19.970 0.0000000000
90665  -50.352  -55.388  -12.630 0.0000000000
90666  -50.998  -55.335  -13.534 0.0000000000
90682  -44.398  -56.409  -7.134 0.0000000000
90692  -41.614  -56.544  -7.389 0.0000000000
90697  -40.189  -57.736  -9.367 0.0000000000
90717  -39.998  -56.749  -11.823 0.0000000000
90719  -40.005  -57.313  -11.453 0.0000000000
90720  -40.025  -57.911  -11.066 0.0000000000
97629  -42.022  -48.000  -13.537 0.0000000000
97631  -41.642  -49.046  -13.848 0.0000000000
97632  -41.410  -50.042  -14.351 0.0000000000
101938  -50.848  -44.596  -20.625 0.0000000000
101949  -47.151  -43.321  -16.747 0.0000000000
101951  -46.580  -43.680  -15.877 0.0000000000
101952  -45.984  -44.051  -15.153 0.0000000000
101953  -45.291  -44.494  -14.531 0.0000000000
101954  -44.631  -44.968  -13.999 0.0000000000
114290  -53.937  -50.959  -19.658 0.0000000000
114291  -53.924  -51.662  -19.313 0.0000000000
114300  -53.577  -54.979  -16.882 0.0000000000
114301  -52.833  -55.140  -16.182 0.0000000000
114306  -49.703  -55.419  -11.730 0.0000000000
114308  -49.064  -55.566  -10.863 0.0000000000
114309  -48.440  -55.666  -10.042 0.0000000000
114310  -47.815  -55.850  -9.321 0.0000000000
114311  -47.157  -56.082  -8.685 0.0000000000
114336  -40.076  -56.144  -12.193 0.0000000000
118329  -49.979  -43.890  -19.921 0.0000000000
118336  -48.106  -42.841  -18.624 0.0000000000
118337  -47.636  -43.080  -17.639 0.0000000000
127968  -40.601  -53.262  -13.526 0.0000000000
137115  -53.940  -46.541  -21.610 0.0000000000
137123  -52.746  -46.082  -21.645 0.0000000000
137157  -43.973  -45.627  -13.578 0.0000000000
137158  -43.234  -46.308  -13.392 0.0000000000
137159  -42.557  -47.083  -13.356 0.0000000000
162016  -53.755  -48.945  -20.591 0.0000000000
162045  -52.160  -55.214  -15.354 0.0000000000
162047  -51.612  -55.294  -14.484 0.0000000000
162064  -46.460  -56.377  -8.091 0.0000000000
162065  -45.714  -56.685  -7.559 0.0000000000
162077  -42.961  -56.391  -7.033 0.0000000000
162083  -40.681  -57.031  -8.227 0.0000000000
162113  -40.091  -58.475  -10.663 0.0000000000
2498  -40.488  -55.146  -13.596 0.0000000000
5601  -41.015  -52.002  -14.658 0.0000000000
10042  -52.801  -55.531  -15.615 0.0000000000
10043  -50.316  -55.836  -12.175 0.0000000000
10044  -47.742  -56.340  -9.010 0.0000000000
10050  -40.059  -57.752  -12.147 0.0000000000
13279  -41.704  -48.141  -13.921 0.0000000000
13281  -41.266  -50.256  -14.922 0.0000000000
15679  -46.709  -43.090  -16.565 0.0000000000
15681  -45.493  -43.874  -15.073 0.0000000000
15682  -44.152  -44.949  -14.025 0.0000000000
22532  -54.494  -46.649  -21.430 0.0000000000
22534  -54.424  -48.355  -20.859 0.0000000000
22536  -54.578  -51.202  -19.788 0.0000000000
22537  -54.463  -52.558  -18.996 0.0000000000
22539  -54.292  -53.988  -17.902 0.0000000000
22540  -54.188  -55.165  -16.800 0.0000000000
22545  -49.048  -56.033  -10.487 0.0000000000
22561  -40.152  -56.516  -12.932 0.0000000000
24385  -47.711  -42.631  -18.385 0.0000000000
28513  -40.659  -53.556  -14.164 0.0000000000
31939  -42.713  -46.341  -13.619 0.0000000000
40354  -54.505  -49.815  -20.390 0.0000000000
40364  -51.653  -55.715  -13.947 0.0000000000
40369  -46.324  -56.895  -7.834 0.0000000000
40386  -40.161  -58.877  -11.361 0.0000000000
44000  -41.444  -49.180  -14.343 0.0000000000
46400  -46.146  -43.445  -15.749 0.0000000000
53253  -54.452  -47.485  -21.144 0.0000000000
53258  -54.393  -53.269  -18.444 0.0000000000
53281  -40.326  -55.856  -13.283 0.0000000000
55995  -49.994  -43.344  -20.454 0.0000000000
55996  -49.509  -43.103  -20.033 0.0000000000
55998  -49.051  -42.853  -19.709 0.0000000000
56000  -48.206  -42.383  -19.218 0.0000000000
62881  -40.786  -52.819  -14.410 0.0000000000
70050  -53.973  -45.720  -21.996 0.0000000000
70051  -53.424  -45.616  -22.142 0.0000000000
70085  -43.458  -45.556  -13.772 0.0000000000
90657  -53.488  -55.377  -16.243 0.0000000000
90667  -50.972  -55.797  -13.030 0.0000000000
90672  -48.413  -56.180  -9.720 0.0000000000
90678  -47.070  -56.627  -8.427 0.0000000000
90721  -40.098  -58.336  -11.751 0.0000000000
97633  -41.186  -51.132  -14.857 0.0000000000
101936  -50.916  -44.046  -21.227 0.0000000000
101937  -51.341  -44.446  -21.581 0.0000000000
101955  -44.795  -44.341  -14.499 0.0000000000
114292  -54.518  -51.877  -19.421 0.0000000000
114299  -54.231  -54.657  -17.367 0.0000000000
114307  -49.673  -55.926  -11.303 0.0000000000
114337  -40.059  -57.119  -12.577 0.0000000000
118328  -50.481  -43.641  -20.825 0.0000000000
118335  -48.607  -42.658  -19.442 0.0000000000
118338  -47.225  -42.844  -17.425 0.0000000000
127969  -40.566  -54.368  -13.881 0.0000000000
137114  -54.518  -45.805  -21.744 0.0000000000
137120  -51.743  -44.852  -21.830 0.0000000000
137121  -52.244  -45.164  -22.054 0.0000000000
137122  -52.828  -45.432  -22.174 0.0000000000
137160  -42.137  -47.186  -13.686 0.0000000000
162017  -54.435  -49.100  -20.632 0.0000000000
162019  -54.567  -50.558  -20.116 0.0000000000
162048  -52.228  -55.632  -14.842 0.0000000000
162063  -45.560  -57.228  -7.295 0.0000000000
162066  -44.957  -57.073  -7.048 0.0000000000
162067  -44.327  -56.959  -6.831 0.0000000000
162068  -43.583  -56.914  -6.650 0.0000000000
162069  -42.874  -56.947  -6.659 0.0000000000
162078  -42.205  -57.015  -6.820 0.0000000000
162079  -41.603  -57.111  -7.047 0.0000000000
162080  -41.034  -57.338  -7.395 0.0000000000
162081  -40.622  -57.626  -7.844 0.0000000000
162084  -40.320  -57.981  -8.400 0.0000000000
162085  -40.206  -58.341  -9.013 0.0000000000
162086  -40.157  -58.723  -9.623 0.0000000000
162087  -40.156  -59.083  -10.311 0.0000000000
162114  -40.178  -59.421  -10.967 0.0000000000
618  -40.248  -60.061  -10.617 0.0000000000
1380  -42.094  -57.587  -6.461 0.0000000000
3300  -44.781  -57.653  -6.710 0.0000000000
3305  -51.277  -43.915  -22.188 0.0000000000
3306  -49.511  -42.696  -20.613 0.0000000000
7092  -40.286  -58.579  -8.062 0.0000000000
7100  -53.406  -44.999  -22.668 0.0000000000
10987  -48.657  -42.275  -20.019 0.0000000000
15660  -40.947  -57.965  -7.027 0.0000000000
24372  -43.473  -57.481  -6.353 0.0000000000
24381  -50.414  -43.183  -21.428 0.0000000000
31908  -40.146  -59.260  -9.305 0.0000000000
31923  -54.477  -45.048  -22.125 0.0000000000
31925  -52.250  -44.590  -22.679 0.0000000000
43980  -40.393  -60.491  -11.243 0.0000000000
43999  -41.463  -48.342  -14.375 0.0000000000
44001  -41.300  -49.425  -14.886 0.0000000000
44002  -41.249  -50.504  -15.425 0.0000000000
46380  -41.501  -57.748  -6.627 0.0000000000
46399  -46.290  -42.936  -16.402 0.0000000000
46401  -45.699  -43.260  -15.662 0.0000000000
46402  -44.998  -43.715  -15.050 0.0000000000
53282  -40.344  -56.879  -13.584 0.0000000000
53283  -40.498  -56.184  -13.910 0.0000000000
55980  -44.157  -57.563  -6.476 0.0000000000
55994  -49.963  -42.923  -21.005 0.0000000000
55999  -48.282  -42.045  -19.821 0.0000000000
56001  -47.799  -42.198  -19.049 0.0000000000
56002  -47.304  -42.388  -18.153 0.0000000000
62882  -40.827  -53.824  -14.783 0.0000000000
62883  -40.930  -53.016  -15.103 0.0000000000
70020  -40.168  -58.936  -8.657 0.0000000000
70049  -54.023  -45.057  -22.438 0.0000000000
70054  -51.749  -44.280  -22.478 0.0000000000
70084  -43.669  -44.870  -14.172 0.0000000000
70086  -42.910  -45.575  -13.959 0.0000000000
70087  -42.266  -46.430  -13.888 0.0000000000
90643  -55.219  -51.322  -19.795 0.0000000000
90644  -55.255  -50.662  -20.109 0.0000000000
90658  -54.157  -55.415  -16.156 0.0000000000
90659  -53.501  -55.690  -15.632 0.0000000000
90661  -52.849  -55.888  -15.034 0.0000000000
90668  -51.665  -56.140  -13.456 0.0000000000
90669  -50.914  -56.238  -12.574 0.0000000000
90671  -50.269  -56.326  -11.734 0.0000000000
90673  -49.010  -56.517  -10.124 0.0000000000
90674  -48.338  -56.658  -9.409 0.0000000000
90676  -47.628  -56.882  -8.711 0.0000000000
90677  -46.886  -57.127  -8.138 0.0000000000
90722  -40.323  -59.331  -12.028 0.0000000000
90723  -40.239  -58.778  -12.471 0.0000000000
93492  -45.386  -57.758  -6.975 0.0000000000
93503  -49.069  -42.470  -20.322 0.0000000000
97634  -41.080  -52.187  -15.257 0.0000000000
97635  -41.204  -51.338  -15.392 0.0000000000
101916  -40.558  -58.256  -7.512 0.0000000000
101956  -44.336  -44.231  -14.531 0.0000000000
114284  -54.980  -45.805  -21.392 0.0000000000
114286  -55.000  -46.711  -21.141 0.0000000000
114287  -55.017  -47.571  -20.962 0.0000000000
114288  -55.037  -48.421  -20.796 0.0000000000
114293  -55.103  -51.973  -19.407 0.0000000000
114295  -55.038  -52.641  -18.963 0.0000000000
114296  -54.948  -53.327  -18.343 0.0000000000
114297  -54.838  -54.011  -17.766 0.0000000000
114298  -54.756  -54.705  -17.236 0.0000000000
114338  -40.208  -58.178  -12.873 0.0000000000
114339  -40.222  -57.582  -13.243 0.0000000000
118308  -42.794  -57.492  -6.353 0.0000000000
118327  -50.840  -43.528  -21.841 0.0000000000
118339  -46.841  -42.588  -17.291 0.0000000000
127970  -40.644  -55.422  -14.242 0.0000000000
127971  -40.733  -54.600  -14.533 0.0000000000
137076  -40.174  -59.660  -9.963 0.0000000000
137113  -54.863  -44.962  -21.707 0.0000000000
137119  -52.839  -44.814  -22.779 0.0000000000
137161  -41.761  -47.305  -13.999 0.0000000000
162018  -55.073  -49.217  -20.601 0.0000000000
162020  -55.177  -49.984  -20.350 0.0000000000
162037  -54.743  -55.013  -16.598 0.0000000000
162049  -52.299  -56.032  -14.322 0.0000000000
162055  -49.655  -56.394  -10.921 0.0000000000
162062  -46.145  -57.430  -7.595 0.0000000000
162115  -40.384  -59.902  -11.627 0.0000000000
621  -41.264  -48.560  -14.853 0.0000000000
1388  -45.890  -42.706  -16.342 0.0000000000
3308  -47.834  -41.832  -19.659 0.0000000000
7099  -55.101  -44.860  -21.273 0.0000000000
7106  -43.132  -44.862  -14.351 0.0000000000
10039  -55.526  -48.417  -20.615 0.0000000000
10040  -55.788  -51.366  -19.659 0.0000000000
10041  -55.313  -53.867  -17.438 0.0000000000
10980  -45.987  -57.924  -7.261 0.0000000000
13260  -40.577  -60.896  -11.845 0.0000000000
13282  -41.193  -52.360  -15.837 0.0000000000
13283  -41.230  -50.684  -15.919 0.0000000000
15683  -44.552  -43.602  -15.085 0.0000000000
22533  -55.412  -46.658  -20.772 0.0000000000
22538  -55.565  -52.601  -18.688 0.0000000000
22562  -40.440  -58.524  -13.546 0.0000000000
22563  -40.576  -57.176  -14.256 0.0000000000
24386  -46.963  -42.154  -18.045 0.0000000000
28514  -40.860  -55.689  -14.934 0.0000000000
28515  -41.023  -54.065  -15.449 0.0000000000
31940  -41.884  -46.538  -14.231 0.0000000000
40355  -55.787  -50.020  -20.252 0.0000000000
40360  -55.160  -54.728  -16.200 0.0000000000
40361  -54.111  -55.695  -15.517 0.0000000000
40362  -52.958  -56.274  -14.379 0.0000000000
40365  -51.585  -56.617  -12.939 0.0000000000
40366  -50.241  -56.731  -11.323 0.0000000000
40367  -48.933  -56.990  -9.792 0.0000000000
40368  -47.474  -57.362  -8.430 0.0000000000
40387  -40.575  -59.701  -12.656 0.0000000000
43976  -40.244  -60.548  -10.265 0.0000000000
43978  -40.378  -60.990  -10.932 0.0000000000
43979  -40.544  -61.375  -11.557 0.0000000000
44003  -41.231  -49.676  -15.327 0.0000000000
46376  -42.041  -58.052  -6.181 0.0000000000
46378  -41.454  -58.225  -6.350 0.0000000000
46379  -40.861  -58.437  -6.733 0.0000000000
46403  -45.204  -43.130  -15.590 0.0000000000
55976  -44.644  -58.104  -6.466 0.0000000000
55978  -44.066  -58.011  -6.255 0.0000000000
55979  -43.358  -57.968  -6.123 0.0000000000
55992  -49.852  -42.624  -21.575 0.0000000000
55993  -50.271  -42.852  -21.972 0.0000000000
56003  -47.411  -42.023  -18.904 0.0000000000
70016  -40.245  -59.053  -7.751 0.0000000000
70018  -40.093  -59.423  -8.334 0.0000000000
70019  -40.062  -59.802  -8.979 0.0000000000
70047  -53.902  -44.344  -22.888 0.0000000000
70048  -54.364  -44.223  -22.517 0.0000000000
70052  -51.722  -43.742  -23.101 0.0000000000
70053  -52.282  -44.075  -23.289 0.0000000000
70088  -42.414  -45.667  -14.210 0.0000000000
90635  -55.454  -47.556  -20.714 0.0000000000
90645  -55.846  -50.683  -19.989 0.0000000000
90650  -55.437  -53.239  -18.030 0.0000000000
90656  -55.243  -54.352  -16.838 0.0000000000
90660  -53.508  -55.973  -15.008 0.0000000000
90670  -50.871  -56.674  -12.123 0.0000000000
90675  -48.220  -57.152  -9.075 0.0000000000
93491  -45.280  -58.194  -6.747 0.0000000000
93502  -49.450  -42.423  -21.176 0.0000000000
93504  -49.032  -42.123  -20.970 0.0000000000
93505  -48.620  -41.866  -20.698 0.0000000000
93506  -48.264  -41.655  -20.495 0.0000000000
97636  -41.268  -51.492  -15.949 0.0000000000
101915  -40.522  -58.757  -7.200 0.0000000000
101935  -53.361  -44.373  -23.185 0.0000000000
101957  -43.877  -44.202  -14.629 0.0000000000
114285  -55.296  -45.738  -21.025 0.0000000000
114294  -55.680  -51.989  -19.248 0.0000000000
114340  -40.446  -57.871  -13.904 0.0000000000
118307  -42.693  -57.996  -6.100 0.0000000000
118324  -51.209  -43.435  -22.812 0.0000000000
118326  -50.757  -43.169  -22.421 0.0000000000
118340  -46.440  -42.444  -17.116 0.0000000000
127972  -40.969  -54.865  -15.221 0.0000000000
127974  -41.089  -53.276  -15.674 0.0000000000
137075  -40.146  -60.125  -9.629 0.0000000000
137110  -54.856  -44.050  -21.555 0.0000000000
137112  -54.695  -44.109  -22.011 0.0000000000
137118  -52.816  -44.347  -23.369 0.0000000000
137162  -41.509  -47.529  -14.421 0.0000000000
162021  -55.640  -49.273  -20.465 0.0000000000
162038  -54.688  -55.262  -15.934 0.0000000000
162050  -52.335  -56.439  -13.725 0.0000000000
162056  -49.605  -56.863  -10.534 0.0000000000
162061  -46.759  -57.625  -7.858 0.0000000000
162116  -40.610  -60.306  -12.195 0.0000000000
162118  -40.489  -59.131  -13.125 0.0000000000
162124  -40.732  -56.435  -14.621 0.0000000000
10979  -44.519  -58.511  -6.260 0.0000000000
10985  -50.201  -42.555  -22.543 0.0000000000
10986  -49.351  -42.093  -21.872 0.0000000000
10988  -48.575  -41.585  -21.393 0.0000000000
13256  -40.185  -61.070  -9.935 0.0000000000
13258  -40.493  -61.856  -11.280 0.0000000000
15656  -42.003  -58.557  -5.946 0.0000000000
15658  -40.834  -58.932  -6.447 0.0000000000
15659  -40.165  -59.537  -7.453 0.0000000000
15670  -54.180  -43.648  -22.867 0.0000000000
15671  -53.340  -43.920  -23.620 0.0000000000
24371  -43.317  -58.387  -5.924 0.0000000000
24379  -52.204  -43.588  -23.753 0.0000000000
24380  -51.089  -43.051  -23.280 0.0000000000
31907  -39.942  -60.313  -8.671 0.0000000000
31922  -54.575  -43.321  -21.857 0.0000000000
41699  -45.885  -58.342  -7.001 0.0000000000
41700  -46.611  -58.097  -7.544 0.0000000000
41707  -48.956  -41.832  -21.660 0.0000000000
43977  -40.310  -61.502  -10.609 0.0000000000
44004  -41.170  -49.975  -15.820 0.0000000000
44005  -41.185  -48.941  -15.283 0.0000000000
46377  -41.399  -58.698  -6.128 0.0000000000
46404  -44.784  -43.094  -15.592 0.0000000000
46405  -45.424  -42.687  -16.153 0.0000000000
55977  -43.953  -58.436  -6.047 0.0000000000
56004  -47.039  -41.867  -18.668 0.0000000000
56005  -47.465  -41.739  -19.506 0.0000000000
62884  -41.252  -52.562  -16.418 0.0000000000
62885  -41.255  -53.429  -16.306 0.0000000000
70017  -39.978  -59.894  -8.032 0.0000000000
70089  -42.021  -45.854  -14.452 0.0000000000
70090  -42.622  -45.026  -14.514 0.0000000000
90632  -55.000  -43.986  -21.043 0.0000000000
90634  -55.307  -44.808  -20.785 0.0000000000
90636  -55.716  -46.664  -20.438 0.0000000000
90637  -55.840  -47.604  -20.474 0.0000000000
90639  -56.012  -48.481  -20.395 0.0000000000
90646  -56.399  -49.938  -20.028 0.0000000000
90647  -56.441  -50.556  -19.742 0.0000000000
90649  -56.330  -51.193  -19.355 0.0000000000
90651  -55.953  -52.438  -18.321 0.0000000000
90652  -55.738  -53.044  -17.646 0.0000000000
90654  -55.594  -53.550  -17.047 0.0000000000
90655  -55.495  -53.978  -16.418 0.0000000000
90724  -40.761  -58.843  -14.204 0.0000000000
90725  -40.768  -59.431  -13.769 0.0000000000
90729  -41.120  -55.833  -15.612 0.0000000000
90730  -41.031  -56.638  -15.302 0.0000000000
93490  -45.198  -58.607  -6.518 0.0000000000
93501  -49.773  -42.260  -22.187 0.0000000000
93507  -47.820  -41.565  -20.255 0.0000000000
93508  -48.191  -41.387  -21.109 0.0000000000
97594  -40.707  -62.269  -11.868 0.0000000000
97595  -40.751  -61.739  -12.161 0.0000000000
97596  -40.806  -61.278  -12.458 0.0000000000
97637  -41.262  -51.667  -16.457 0.0000000000
97639  -41.250  -50.946  -16.423 0.0000000000
101914  -40.460  -59.254  -6.884 0.0000000000
101934  -53.773  -43.804  -23.269 0.0000000000
101958  -43.328  -44.248  -14.743 0.0000000000
101959  -44.110  -43.685  -15.053 0.0000000000
114341  -40.843  -58.212  -14.589 0.0000000000
118306  -42.641  -58.474  -5.873 0.0000000000
118323  -51.629  -43.258  -23.591 0.0000000000
118325  -50.630  -42.822  -22.913 0.0000000000
118341  -46.018  -42.316  -16.948 0.0000000000
118342  -46.575  -42.051  -17.800 0.0000000000
127973  -41.173  -55.074  -15.878 0.0000000000
127975  -41.206  -54.295  -16.121 0.0000000000
137074  -40.030  -60.703  -9.324 0.0000000000
137109  -54.646  -43.178  -21.313 0.0000000000
137111  -54.441  -43.440  -22.363 0.0000000000
137117  -52.771  -43.863  -23.805 0.0000000000
137163  -41.252  -47.867  -14.817 0.0000000000
137164  -41.571  -46.788  -14.536 0.0000000000
162010  -55.523  -45.761  -20.532 0.0000000000
162022  -56.245  -49.238  -20.224 0.0000000000
162028  -56.136  -51.819  -18.888 0.0000000000
162035  -55.391  -54.309  -15.764 0.0000000000
162036  -55.086  -54.969  -15.513 0.0000000000
162039  -54.622  -55.516  -15.271 0.0000000000
162040  -54.144  -56.027  -14.824 0.0000000000
162041  -53.538  -56.346  -14.313 0.0000000000
162042  -52.962  -56.653  -13.748 0.0000000000
162051  -52.236  -56.884  -13.154 0.0000000000
162052  -51.482  -57.040  -12.450 0.0000000000
162053  -50.791  -57.118  -11.675 0.0000000000
162054  -50.176  -57.207  -10.931 0.0000000000
162057  -49.492  -57.305  -10.167 0.0000000000
162058  -48.774  -57.430  -9.414 0.0000000000
162059  -48.077  -57.621  -8.769 0.0000000000
162060  -47.331  -57.826  -8.153 0.0000000000
162117  -40.831  -60.683  -12.870 0.0000000000
162119  -40.814  -60.053  -13.316 0.0000000000
162125  -40.925  -57.444  -14.963 0.0000000000
