#!ascii label  , from subject  vox2ras=
217
162089  -45.197  -51.877  -14.295 1.0000000000
13278  -47.043  -51.176  -12.954 0.0000000000
40378  -46.000  -50.645  -12.419 0.0000000000
90700  -46.718  -50.270  -13.109 0.0000000000
97628  -46.320  -51.425  -12.212 0.0000000000
162088  -47.240  -50.547  -13.428 0.0000000000
162090  -45.792  -51.215  -11.981 0.0000000000
5598  -45.692  -51.719  -11.449 0.0000000000
31931  -47.429  -49.842  -13.854 0.0000000000
43997  -47.582  -51.499  -13.268 0.0000000000
43998  -47.735  -50.854  -13.778 0.0000000000
62869  -46.230  -51.923  -11.621 0.0000000000
90699  -46.932  -49.541  -13.513 0.0000000000
90701  -46.230  -50.031  -12.819 0.0000000000
97627  -46.893  -51.678  -12.428 0.0000000000
137135  -47.915  -50.173  -14.179 0.0000000000
162091  -45.500  -50.322  -12.203 0.0000000000
162092  -45.270  -50.987  -11.753 0.0000000000
162093  -45.108  -51.520  -11.289 0.0000000000
620  -48.455  -50.488  -14.558 0.0000000000
7103  -46.468  -49.207  -13.235 0.0000000000
13276  -48.109  -51.668  -13.588 0.0000000000
13277  -46.785  -52.152  -11.901 0.0000000000
22555  -44.995  -50.047  -11.989 0.0000000000
40379  -44.534  -51.306  -11.249 0.0000000000
43996  -48.279  -51.113  -14.114 0.0000000000
62870  -46.104  -52.315  -11.124 0.0000000000
62871  -45.602  -52.197  -10.883 0.0000000000
62873  -44.948  -51.981  -10.786 0.0000000000
90703  -44.718  -50.737  -11.651 0.0000000000
97626  -47.443  -51.967  -12.755 0.0000000000
114325  -45.774  -49.638  -12.563 0.0000000000
137134  -48.552  -49.780  -14.889 0.0000000000
137136  -48.036  -49.457  -14.531 0.0000000000
137137  -47.564  -49.092  -14.204 0.0000000000
137138  -47.104  -48.788  -13.847 0.0000000000
162094  -44.330  -51.837  -10.720 0.0000000000
28507  -45.434  -52.572  -10.453 0.0000000000
28508  -44.174  -52.318  -10.247 0.0000000000
31930  -48.616  -49.046  -15.176 0.0000000000
31932  -47.650  -48.378  -14.495 0.0000000000
43992  -49.080  -50.080  -15.269 0.0000000000
43994  -48.984  -50.766  -14.933 0.0000000000
43995  -48.833  -51.427  -14.470 0.0000000000
62872  -44.796  -52.427  -10.293 0.0000000000
70067  -48.128  -48.729  -14.830 0.0000000000
90702  -44.184  -50.550  -11.543 0.0000000000
90704  -43.921  -51.181  -11.192 0.0000000000
90705  -43.683  -51.743  -10.767 0.0000000000
97623  -48.667  -52.002  -13.918 0.0000000000
97624  -47.985  -52.207  -13.063 0.0000000000
97625  -47.345  -52.379  -12.241 0.0000000000
114324  -46.020  -48.873  -12.972 0.0000000000
114326  -45.298  -49.306  -12.352 0.0000000000
114327  -44.463  -49.829  -11.870 0.0000000000
127953  -46.670  -52.554  -11.437 0.0000000000
127954  -45.995  -52.731  -10.645 0.0000000000
137133  -49.096  -49.425  -15.588 0.0000000000
137140  -47.235  -48.007  -14.142 0.0000000000
137141  -46.686  -48.445  -13.536 0.0000000000
162095  -43.542  -52.239  -10.316 0.0000000000
5596  -47.948  -52.618  -12.574 0.0000000000
10048  -43.348  -51.059  -11.301 0.0000000000
13272  -49.731  -49.748  -16.028 0.0000000000
13274  -49.568  -51.097  -15.315 0.0000000000
13275  -49.273  -52.316  -14.375 0.0000000000
22554  -45.558  -48.577  -12.719 0.0000000000
22556  -43.981  -49.691  -11.870 0.0000000000
28506  -46.585  -52.945  -10.942 0.0000000000
31933  -46.831  -47.691  -13.833 0.0000000000
40380  -42.879  -52.214  -10.448 0.0000000000
43993  -49.669  -50.436  -15.673 0.0000000000
53275  -44.765  -49.048  -12.238 0.0000000000
62862  -48.561  -52.505  -13.397 0.0000000000
62868  -47.244  -52.778  -11.738 0.0000000000
70065  -49.204  -48.666  -15.955 0.0000000000
70066  -48.699  -48.337  -15.529 0.0000000000
70068  -48.256  -47.957  -15.162 0.0000000000
70070  -47.391  -47.232  -14.490 0.0000000000
90706  -43.086  -51.668  -10.882 0.0000000000
97622  -49.353  -51.756  -14.860 0.0000000000
114328  -43.644  -50.397  -11.606 0.0000000000
127952  -45.927  -53.153  -10.183 0.0000000000
127955  -45.347  -52.986  -9.999 0.0000000000
127956  -44.681  -52.859  -9.856 0.0000000000
127957  -44.032  -52.764  -9.821 0.0000000000
127958  -43.373  -52.735  -9.866 0.0000000000
137132  -49.764  -48.990  -16.381 0.0000000000
137139  -47.818  -47.667  -14.807 0.0000000000
137142  -46.236  -48.096  -13.262 0.0000000000
162096  -42.739  -52.734  -10.001 0.0000000000
2497  -42.604  -53.221  -9.537 0.0000000000
5597  -45.276  -53.441  -9.528 0.0000000000
7102  -48.774  -47.623  -15.966 0.0000000000
15677  -47.955  -46.824  -15.276 0.0000000000
22549  -43.903  -53.218  -9.366 0.0000000000
31929  -49.790  -48.392  -16.738 0.0000000000
53269  -43.264  -53.194  -9.404 0.0000000000
53274  -45.032  -48.284  -12.543 0.0000000000
53276  -44.233  -48.914  -12.171 0.0000000000
62863  -49.240  -52.779  -13.846 0.0000000000
62864  -48.533  -52.906  -12.935 0.0000000000
62866  -47.878  -53.012  -12.076 0.0000000000
62867  -47.237  -53.174  -11.262 0.0000000000
70064  -49.251  -48.030  -16.356 0.0000000000
70069  -47.552  -46.455  -14.907 0.0000000000
70071  -46.965  -46.898  -14.185 0.0000000000
70072  -46.387  -47.367  -13.578 0.0000000000
90684  -45.951  -53.617  -9.762 0.0000000000
97616  -50.321  -49.349  -16.847 0.0000000000
97618  -50.306  -50.080  -16.496 0.0000000000
97619  -50.200  -50.805  -16.109 0.0000000000
97620  -50.104  -51.464  -15.736 0.0000000000
97621  -49.952  -52.094  -15.288 0.0000000000
101945  -48.346  -47.196  -15.609 0.0000000000
114315  -44.590  -53.314  -9.400 0.0000000000
127943  -49.891  -52.636  -14.834 0.0000000000
127951  -46.579  -53.354  -10.529 0.0000000000
137131  -50.320  -48.758  -17.208 0.0000000000
137143  -45.765  -47.835  -12.998 0.0000000000
162097  -43.424  -49.509  -11.980 0.0000000000
162098  -43.119  -50.292  -11.705 0.0000000000
162099  -42.815  -50.989  -11.380 0.0000000000
162102  -42.518  -51.638  -11.035 0.0000000000
162103  -42.313  -52.205  -10.632 0.0000000000
162104  -42.164  -52.773  -10.235 0.0000000000
162105  -42.000  -53.310  -9.789 0.0000000000
1387  -44.514  -48.105  -12.485 0.0000000000
5592  -50.907  -49.151  -17.732 0.0000000000
5594  -50.693  -51.868  -16.160 0.0000000000
7104  -47.129  -46.137  -14.642 0.0000000000
13273  -50.881  -50.466  -16.968 0.0000000000
28502  -50.525  -53.019  -15.256 0.0000000000
28503  -49.216  -53.173  -13.362 0.0000000000
28504  -47.868  -53.407  -11.613 0.0000000000
28505  -46.594  -53.797  -10.035 0.0000000000
28510  -42.914  -49.459  -12.186 0.0000000000
31934  -45.922  -47.069  -13.299 0.0000000000
40381  -42.283  -50.958  -11.604 0.0000000000
40382  -41.815  -52.214  -10.951 0.0000000000
40383  -41.501  -53.448  -10.126 0.0000000000
53270  -43.178  -53.702  -8.973 0.0000000000
53271  -42.507  -53.757  -9.101 0.0000000000
53273  -41.904  -53.836  -9.380 0.0000000000
62855  -50.819  -51.244  -16.550 0.0000000000
62861  -50.585  -52.478  -15.707 0.0000000000
62865  -48.519  -53.281  -12.458 0.0000000000
70062  -49.333  -47.315  -16.805 0.0000000000
70063  -49.839  -47.749  -17.199 0.0000000000
70073  -46.517  -46.581  -13.946 0.0000000000
90685  -45.955  -54.092  -9.282 0.0000000000
90686  -45.263  -53.913  -9.059 0.0000000000
90708  -42.604  -50.261  -11.907 0.0000000000
90713  -41.654  -52.876  -10.551 0.0000000000
97617  -50.908  -49.736  -17.347 0.0000000000
101944  -48.915  -46.882  -16.466 0.0000000000
101946  -48.518  -46.470  -16.107 0.0000000000
101947  -48.114  -46.078  -15.771 0.0000000000
101948  -47.720  -45.706  -15.440 0.0000000000
114316  -44.542  -53.794  -8.940 0.0000000000
114317  -43.853  -53.738  -8.925 0.0000000000
127944  -49.913  -53.079  -14.319 0.0000000000
127950  -47.222  -53.579  -10.798 0.0000000000
127960  -43.683  -48.755  -12.228 0.0000000000
137128  -50.868  -48.490  -18.076 0.0000000000
137130  -50.336  -48.108  -17.619 0.0000000000
137144  -45.236  -47.564  -12.887 0.0000000000
162101  -41.999  -51.609  -11.301 0.0000000000
162106  -41.394  -53.997  -9.748 0.0000000000
15675  -49.908  -47.026  -17.708 0.0000000000
15676  -49.061  -46.170  -17.018 0.0000000000
15678  -48.251  -45.404  -16.271 0.0000000000
22550  -43.788  -54.211  -8.473 0.0000000000
22551  -42.447  -54.283  -8.683 0.0000000000
22553  -41.309  -54.557  -9.355 0.0000000000
31928  -50.849  -47.864  -18.517 0.0000000000
40372  -45.303  -54.437  -8.687 0.0000000000
46397  -48.662  -45.746  -16.651 0.0000000000
53272  -41.838  -54.367  -8.966 0.0000000000
62852  -51.390  -48.857  -18.510 0.0000000000
62854  -51.434  -49.530  -18.190 0.0000000000
62856  -51.451  -50.924  -17.403 0.0000000000
62857  -51.373  -51.667  -16.965 0.0000000000
62859  -51.244  -52.320  -16.571 0.0000000000
62860  -51.182  -52.919  -16.149 0.0000000000
90707  -42.188  -50.310  -12.209 0.0000000000
90709  -41.866  -51.027  -11.954 0.0000000000
90711  -41.355  -52.352  -11.306 0.0000000000
90712  -41.181  -52.998  -10.952 0.0000000000
90714  -41.066  -53.623  -10.565 0.0000000000
90715  -40.963  -54.202  -10.204 0.0000000000
101943  -49.452  -46.603  -17.332 0.0000000000
114318  -43.128  -54.220  -8.549 0.0000000000
127933  -51.531  -50.244  -17.844 0.0000000000
127941  -51.175  -53.427  -15.698 0.0000000000
127942  -50.485  -53.457  -14.719 0.0000000000
127945  -49.836  -53.530  -13.756 0.0000000000
127946  -49.102  -53.610  -12.848 0.0000000000
127947  -48.479  -53.693  -11.967 0.0000000000
127948  -47.850  -53.820  -11.118 0.0000000000
127949  -47.233  -54.000  -10.321 0.0000000000
127959  -43.966  -47.938  -12.513 0.0000000000
127961  -43.164  -48.675  -12.360 0.0000000000
127962  -42.464  -49.508  -12.446 0.0000000000
137127  -51.336  -48.231  -18.920 0.0000000000
137129  -50.384  -47.421  -18.135 0.0000000000
137146  -47.834  -45.012  -15.997 0.0000000000
137147  -47.287  -45.360  -15.174 0.0000000000
137150  -46.631  -45.842  -14.421 0.0000000000
137151  -46.024  -46.299  -13.735 0.0000000000
137152  -45.425  -46.839  -13.187 0.0000000000
137153  -44.699  -47.361  -12.818 0.0000000000
162070  -46.600  -54.301  -9.541 0.0000000000
162071  -45.960  -54.594  -8.872 0.0000000000
162073  -44.507  -54.282  -8.510 0.0000000000
162100  -41.578  -51.682  -11.650 0.0000000000
162107  -40.871  -54.779  -9.830 0.0000000000
