#!ascii label  , from subject  vox2ras=tkReg 
61
162089  -45.197  -51.877  -14.295 1.0000000000
13278  -47.043  -51.176  -12.954 0.0000000000
40378  -46.000  -50.645  -12.419 0.0000000000
90700  -46.718  -50.270  -13.109 0.0000000000
97628  -46.320  -51.425  -12.212 0.0000000000
162088  -47.240  -50.547  -13.428 0.0000000000
162090  -45.792  -51.215  -11.981 0.0000000000
5598  -45.692  -51.719  -11.449 0.0000000000
31931  -47.429  -49.842  -13.854 0.0000000000
43997  -47.582  -51.499  -13.268 0.0000000000
43998  -47.735  -50.854  -13.778 0.0000000000
62869  -46.230  -51.923  -11.621 0.0000000000
90699  -46.932  -49.541  -13.513 0.0000000000
90701  -46.230  -50.031  -12.819 0.0000000000
97627  -46.893  -51.678  -12.428 0.0000000000
137135  -47.915  -50.173  -14.179 0.0000000000
162091  -45.500  -50.322  -12.203 0.0000000000
162092  -45.270  -50.987  -11.753 0.0000000000
162093  -45.108  -51.520  -11.289 0.0000000000
620  -48.455  -50.488  -14.558 0.0000000000
7103  -46.468  -49.207  -13.235 0.0000000000
13276  -48.109  -51.668  -13.588 0.0000000000
13277  -46.785  -52.152  -11.901 0.0000000000
22555  -44.995  -50.047  -11.989 0.0000000000
40379  -44.534  -51.306  -11.249 0.0000000000
43996  -48.279  -51.113  -14.114 0.0000000000
62870  -46.104  -52.315  -11.124 0.0000000000
62871  -45.602  -52.197  -10.883 0.0000000000
62873  -44.948  -51.981  -10.786 0.0000000000
90703  -44.718  -50.737  -11.651 0.0000000000
97626  -47.443  -51.967  -12.755 0.0000000000
114325  -45.774  -49.638  -12.563 0.0000000000
137134  -48.552  -49.780  -14.889 0.0000000000
137136  -48.036  -49.457  -14.531 0.0000000000
137137  -47.564  -49.092  -14.204 0.0000000000
137138  -47.104  -48.788  -13.847 0.0000000000
162094  -44.330  -51.837  -10.720 0.0000000000
28507  -45.434  -52.572  -10.453 0.0000000000
28508  -44.174  -52.318  -10.247 0.0000000000
31930  -48.616  -49.046  -15.176 0.0000000000
31932  -47.650  -48.378  -14.495 0.0000000000
43992  -49.080  -50.080  -15.269 0.0000000000
43994  -48.984  -50.766  -14.933 0.0000000000
43995  -48.833  -51.427  -14.470 0.0000000000
62872  -44.796  -52.427  -10.293 0.0000000000
70067  -48.128  -48.729  -14.830 0.0000000000
90702  -44.184  -50.550  -11.543 0.0000000000
90704  -43.921  -51.181  -11.192 0.0000000000
90705  -43.683  -51.743  -10.767 0.0000000000
97623  -48.667  -52.002  -13.918 0.0000000000
97624  -47.985  -52.207  -13.063 0.0000000000
97625  -47.345  -52.379  -12.241 0.0000000000
114324  -46.020  -48.873  -12.972 0.0000000000
114326  -45.298  -49.306  -12.352 0.0000000000
114327  -44.463  -49.829  -11.870 0.0000000000
127953  -46.670  -52.554  -11.437 0.0000000000
127954  -45.995  -52.731  -10.645 0.0000000000
137133  -49.096  -49.425  -15.588 0.0000000000
137140  -47.235  -48.007  -14.142 0.0000000000
137141  -46.686  -48.445  -13.536 0.0000000000
162095  -43.542  -52.239  -10.316 0.0000000000
