#!ascii label  , from subject fsaverage vox2ras=TkReg coords=white
1463
154  -47.193  -58.258  -7.840 0.0000000000
353  -38.104  -53.810  -19.493 0.0000000000
618  -40.248  -60.061  -10.617 0.0000000000
620  -48.455  -50.488  -14.558 0.0000000000
621  -41.264  -48.560  -14.853 0.0000000000
833  -40.195  -58.881  -19.639 0.0000000000
1376  -46.712  -62.041  -6.230 0.0000000000
1380  -42.094  -57.587  -6.461 0.0000000000
1387  -44.514  -48.105  -12.485 0.0000000000
1389  -41.840  -43.337  -16.596 0.0000000000
1763  -50.808  -62.385  -6.106 0.0000000000
1764  -51.550  -60.032  -9.315 0.0000000000
1786  -32.282  -55.895  -16.134 0.0000000000
1787  -36.524  -48.711  -19.461 0.0000000000
2492  -55.776  -55.202  -10.884 0.0000000000
2493  -52.865  -57.097  -13.182 0.0000000000
2495  -53.122  -53.445  -17.646 0.0000000000
2496  -47.823  -54.231  -10.641 0.0000000000
2497  -42.604  -53.221  -9.537 0.0000000000
2498  -40.488  -55.146  -13.596 0.0000000000
2499  -42.685  -56.680  -18.674 0.0000000000
2500  -40.766  -51.540  -18.515 0.0000000000
2501  -39.095  -46.221  -18.987 0.0000000000
3296  -46.952  -59.994  -6.865 0.0000000000
3297  -44.359  -61.403  -5.754 0.0000000000
3298  -44.433  -59.409  -5.961 0.0000000000
3299  -41.840  -59.505  -5.564 0.0000000000
3300  -44.781  -57.653  -6.710 0.0000000000
3899  -51.126  -61.323  -7.644 0.0000000000
3900  -53.254  -59.685  -8.730 0.0000000000
3934  -36.765  -57.290  -17.404 0.0000000000
3935  -33.504  -58.451  -15.496 0.0000000000
3936  -35.796  -54.536  -17.246 0.0000000000
3937  -34.814  -51.938  -17.318 0.0000000000
3938  -37.244  -51.307  -19.351 0.0000000000
5586  -55.675  -53.826  -12.979 0.0000000000
5587  -54.818  -57.032  -12.408 0.0000000000
5588  -55.107  -55.284  -14.831 0.0000000000
5594  -50.693  -51.868  -16.160 0.0000000000
5595  -50.433  -53.913  -14.203 0.0000000000
5596  -47.948  -52.618  -12.574 0.0000000000
5597  -45.276  -53.441  -9.528 0.0000000000
5598  -45.692  -51.719  -11.449 0.0000000000
5599  -42.397  -47.875  -13.161 0.0000000000
5600  -41.507  -51.141  -12.407 0.0000000000
5601  -41.015  -52.002  -14.658 0.0000000000
5602  -41.406  -56.076  -16.275 0.0000000000
5603  -41.440  -52.788  -17.020 0.0000000000
5604  -41.983  -53.951  -19.151 0.0000000000
5605  -41.023  -49.929  -16.686 0.0000000000
5607  -40.297  -44.504  -17.743 0.0000000000
5609  -39.719  -43.520  -20.746 0.0000000000
6107  -39.022  -56.464  -19.577 0.0000000000
7091  -39.999  -60.579  -6.919 0.0000000000
7092  -40.286  -58.579  -8.062 0.0000000000
7103  -46.468  -49.207  -13.235 0.0000000000
7104  -47.129  -46.137  -14.642 0.0000000000
7105  -45.145  -45.201  -13.966 0.0000000000
7106  -43.132  -44.862  -14.351 0.0000000000
7107  -41.394  -45.813  -15.282 0.0000000000
7108  -43.916  -42.753  -16.118 0.0000000000
7953  -48.753  -63.632  -5.313 0.0000000000
7954  -48.844  -62.313  -6.256 0.0000000000
7955  -49.019  -60.706  -7.353 0.0000000000
7956  -49.460  -59.059  -8.888 0.0000000000
8009  -36.027  -46.336  -20.008 0.0000000000
10031  -54.675  -53.338  -9.565 0.0000000000
10032  -54.658  -56.653  -9.383 0.0000000000
10033  -53.975  -58.357  -10.586 0.0000000000
10034  -52.206  -58.647  -11.195 0.0000000000
10035  -50.061  -57.583  -10.540 0.0000000000
10042  -52.801  -55.531  -15.615 0.0000000000
10043  -50.316  -55.836  -12.175 0.0000000000
10044  -47.742  -56.340  -9.010 0.0000000000
10045  -45.214  -55.444  -7.965 0.0000000000
10046  -42.390  -55.345  -7.917 0.0000000000
10047  -40.416  -56.239  -9.532 0.0000000000
10048  -43.348  -51.059  -11.301 0.0000000000
10049  -40.683  -53.845  -11.043 0.0000000000
10050  -40.059  -57.752  -12.147 0.0000000000
10051  -41.124  -59.134  -14.842 0.0000000000
10052  -42.993  -59.925  -17.362 0.0000000000
10054  -42.565  -57.701  -20.155 0.0000000000
10055  -41.271  -55.034  -20.262 0.0000000000
10056  -40.126  -52.727  -20.055 0.0000000000
10057  -40.303  -47.236  -16.712 0.0000000000
10058  -39.667  -49.061  -18.205 0.0000000000
10059  -39.072  -50.116  -19.920 0.0000000000
10060  -38.443  -47.678  -20.401 0.0000000000
10061  -38.369  -45.113  -21.692 0.0000000000
10976  -47.066  -59.011  -7.260 0.0000000000
10977  -45.694  -59.631  -6.431 0.0000000000
10978  -45.797  -58.747  -6.768 0.0000000000
10979  -44.519  -58.511  -6.260 0.0000000000
10980  -45.987  -57.924  -7.261 0.0000000000
11578  -53.287  -59.457  -7.405 0.0000000000
11579  -53.036  -60.230  -7.884 0.0000000000
11580  -53.623  -58.889  -8.272 0.0000000000
11614  -37.428  -55.502  -18.624 0.0000000000
11615  -36.223  -55.899  -17.274 0.0000000000
11616  -37.042  -53.990  -18.557 0.0000000000
11617  -36.595  -52.804  -18.365 0.0000000000
11618  -37.678  -52.450  -19.343 0.0000000000
13260  -40.577  -60.896  -11.845 0.0000000000
13267  -55.514  -54.564  -13.851 0.0000000000
13268  -55.481  -53.870  -15.305 0.0000000000
13272  -49.731  -49.748  -16.028 0.0000000000
13273  -50.881  -50.466  -16.968 0.0000000000
13274  -49.568  -51.097  -15.315 0.0000000000
13275  -49.273  -52.316  -14.375 0.0000000000
13276  -48.109  -51.668  -13.588 0.0000000000
13277  -46.785  -52.152  -11.901 0.0000000000
13278  -47.043  -51.176  -12.954 0.0000000000
13279  -41.704  -48.141  -13.921 0.0000000000
13280  -41.546  -49.887  -13.806 0.0000000000
13281  -41.266  -50.256  -14.922 0.0000000000
13282  -41.193  -52.360  -15.837 0.0000000000
13283  -41.230  -50.684  -15.919 0.0000000000
13284  -41.259  -51.331  -16.960 0.0000000000
13285  -41.109  -49.252  -15.751 0.0000000000
14016  -38.829  -59.263  -18.759 0.0000000000
14017  -38.278  -58.109  -18.754 0.0000000000
14018  -39.531  -57.687  -19.603 0.0000000000
15646  -46.706  -62.877  -5.866 0.0000000000
15656  -42.003  -58.557  -5.946 0.0000000000
15657  -40.766  -59.894  -5.982 0.0000000000
15658  -40.834  -58.932  -6.447 0.0000000000
15659  -40.165  -59.537  -7.453 0.0000000000
15660  -40.947  -57.965  -7.027 0.0000000000
15677  -47.955  -46.824  -15.276 0.0000000000
15680  -46.460  -44.254  -15.328 0.0000000000
15681  -45.493  -43.874  -15.073 0.0000000000
15682  -44.152  -44.949  -14.025 0.0000000000
15683  -44.552  -43.602  -15.085 0.0000000000
15684  -43.528  -43.690  -15.160 0.0000000000
17453  -49.853  -63.155  -5.552 0.0000000000
17454  -48.798  -62.953  -5.726 0.0000000000
17455  -49.894  -62.518  -6.260 0.0000000000
17456  -51.219  -60.757  -8.457 0.0000000000
17457  -50.050  -61.133  -7.543 0.0000000000
17458  -50.263  -60.383  -8.262 0.0000000000
17459  -49.187  -59.913  -8.176 0.0000000000
17460  -50.490  -59.625  -9.197 0.0000000000
17562  -32.891  -57.229  -15.766 0.0000000000
17563  -31.803  -59.400  -15.920 0.0000000000
17564  -31.184  -58.024  -16.196 0.0000000000
17566  -30.543  -56.646  -16.455 0.0000000000
17568  -31.692  -54.546  -16.382 0.0000000000
17569  -35.727  -50.304  -18.295 0.0000000000
17570  -34.268  -50.641  -17.379 0.0000000000
17571  -35.333  -48.938  -18.396 0.0000000000
17572  -34.936  -47.684  -18.691 0.0000000000
17573  -36.250  -47.455  -19.668 0.0000000000
22512  -55.831  -53.682  -11.129 0.0000000000
22513  -55.370  -52.716  -10.459 0.0000000000
22514  -55.327  -54.271  -10.155 0.0000000000
22515  -54.745  -55.034  -9.329 0.0000000000
22516  -55.361  -55.927  -10.167 0.0000000000
22517  -54.536  -57.606  -10.113 0.0000000000
22518  -55.145  -56.907  -10.783 0.0000000000
22519  -53.872  -57.312  -12.907 0.0000000000
22520  -53.650  -58.199  -11.980 0.0000000000
22521  -52.591  -57.929  -12.188 0.0000000000
22522  -51.173  -58.226  -11.086 0.0000000000
22523  -51.397  -57.470  -11.967 0.0000000000
22540  -54.188  -55.165  -16.800 0.0000000000
22541  -52.922  -54.666  -16.762 0.0000000000
22542  -49.080  -54.052  -12.343 0.0000000000
22543  -50.353  -54.968  -13.172 0.0000000000
22544  -49.080  -55.006  -11.368 0.0000000000
22545  -49.048  -56.033  -10.487 0.0000000000
22546  -47.831  -55.307  -9.724 0.0000000000
22547  -46.543  -55.846  -8.381 0.0000000000
22548  -46.611  -54.790  -9.104 0.0000000000
22549  -43.903  -53.218  -9.366 0.0000000000
22550  -43.788  -54.211  -8.473 0.0000000000
22551  -42.447  -54.283  -8.683 0.0000000000
22552  -41.156  -55.688  -8.522 0.0000000000
22553  -41.309  -54.557  -9.355 0.0000000000
22554  -45.558  -48.577  -12.719 0.0000000000
22555  -44.995  -50.047  -11.989 0.0000000000
22556  -43.981  -49.691  -11.870 0.0000000000
22557  -40.613  -52.977  -12.926 0.0000000000
22558  -40.972  -52.509  -11.809 0.0000000000
22559  -40.337  -54.444  -12.239 0.0000000000
22560  -40.118  -55.739  -11.520 0.0000000000
22561  -40.152  -56.516  -12.932 0.0000000000
22562  -40.440  -58.524  -13.546 0.0000000000
22563  -40.576  -57.176  -14.256 0.0000000000
22564  -41.998  -56.410  -17.580 0.0000000000
22565  -42.052  -58.018  -16.968 0.0000000000
22566  -42.802  -58.284  -18.131 0.0000000000
22567  -43.594  -60.252  -18.520 0.0000000000
22568  -43.293  -58.578  -19.218 0.0000000000
22569  -43.203  -59.039  -19.952 0.0000000000
22570  -42.952  -57.215  -19.611 0.0000000000
22571  -41.400  -52.832  -18.967 0.0000000000
22572  -41.875  -54.496  -19.829 0.0000000000
22573  -41.187  -53.305  -19.678 0.0000000000
22574  -40.651  -53.899  -20.207 0.0000000000
22575  -40.518  -52.197  -19.398 0.0000000000
22576  -41.595  -44.506  -15.836 0.0000000000
22577  -40.841  -46.615  -15.978 0.0000000000
22578  -40.883  -45.183  -16.452 0.0000000000
22579  -39.601  -45.297  -18.325 0.0000000000
22580  -39.643  -46.753  -17.708 0.0000000000
22581  -39.245  -47.621  -18.503 0.0000000000
22582  -39.416  -49.687  -19.081 0.0000000000
22583  -39.028  -48.380  -19.278 0.0000000000
22584  -38.625  -48.930  -19.957 0.0000000000
22585  -38.784  -46.916  -19.726 0.0000000000
22587  -39.267  -44.378  -21.365 0.0000000000
22589  -38.337  -43.944  -22.222 0.0000000000
24364  -46.805  -61.080  -6.517 0.0000000000
24365  -45.578  -61.715  -6.075 0.0000000000
24366  -45.600  -60.651  -6.280 0.0000000000
24367  -44.354  -60.401  -5.831 0.0000000000
24368  -43.012  -60.377  -5.436 0.0000000000
24370  -43.125  -59.388  -5.613 0.0000000000
24371  -43.317  -58.387  -5.924 0.0000000000
24372  -43.473  -57.481  -6.353 0.0000000000
25448  -51.728  -61.624  -6.649 0.0000000000
25449  -50.985  -61.846  -6.918 0.0000000000
25450  -52.057  -61.094  -7.478 0.0000000000
25451  -52.249  -60.786  -8.372 0.0000000000
25452  -52.374  -60.133  -9.158 0.0000000000
25512  -35.825  -59.062  -15.885 0.0000000000
25513  -34.092  -59.692  -15.264 0.0000000000
25514  -35.301  -57.791  -15.943 0.0000000000
25515  -34.773  -56.433  -16.038 0.0000000000
25516  -34.227  -55.090  -16.155 0.0000000000
25517  -33.631  -53.871  -16.431 0.0000000000
25518  -35.359  -53.208  -17.350 0.0000000000
25519  -36.166  -51.522  -18.290 0.0000000000
25520  -36.843  -50.032  -19.365 0.0000000000
28485  -55.876  -53.000  -12.255 0.0000000000
28486  -55.914  -54.529  -11.877 0.0000000000
28487  -55.564  -56.180  -11.571 0.0000000000
28488  -55.632  -55.389  -12.713 0.0000000000
28489  -55.031  -56.031  -13.554 0.0000000000
28490  -54.104  -56.380  -14.100 0.0000000000
28500  -51.822  -52.730  -17.017 0.0000000000
28501  -51.763  -53.867  -16.101 0.0000000000
28502  -50.525  -53.019  -15.256 0.0000000000
28503  -49.216  -53.173  -13.362 0.0000000000
28504  -47.868  -53.407  -11.613 0.0000000000
28505  -46.594  -53.797  -10.035 0.0000000000
28506  -46.585  -52.945  -10.942 0.0000000000
28507  -45.434  -52.572  -10.453 0.0000000000
28508  -44.174  -52.318  -10.247 0.0000000000
28509  -43.386  -47.844  -12.647 0.0000000000
28510  -42.914  -49.459  -12.186 0.0000000000
28511  -42.066  -49.617  -12.852 0.0000000000
28512  -41.105  -51.530  -13.445 0.0000000000
28513  -40.659  -53.556  -14.164 0.0000000000
28514  -40.860  -55.689  -14.934 0.0000000000
28515  -41.023  -54.065  -15.449 0.0000000000
28516  -41.473  -54.471  -16.758 0.0000000000
28517  -41.968  -54.782  -18.002 0.0000000000
28518  -42.509  -55.290  -19.006 0.0000000000
28519  -41.801  -53.423  -18.222 0.0000000000
28520  -41.395  -52.064  -18.004 0.0000000000
28521  -40.889  -50.793  -17.618 0.0000000000
28523  -41.042  -43.916  -17.125 0.0000000000
28524  -41.226  -42.786  -17.908 0.0000000000
28525  -40.440  -43.302  -18.452 0.0000000000
28526  -39.811  -44.001  -19.113 0.0000000000
28527  -39.307  -44.861  -19.746 0.0000000000
28528  -40.162  -42.830  -20.044 0.0000000000
29607  -37.186  -58.480  -17.501 0.0000000000
29608  -37.836  -56.898  -18.663 0.0000000000
29609  -38.534  -55.191  -19.531 0.0000000000
31907  -39.942  -60.313  -8.671 0.0000000000
31908  -40.146  -59.260  -9.305 0.0000000000
31930  -48.616  -49.046  -15.176 0.0000000000
31931  -47.429  -49.842  -13.854 0.0000000000
31932  -47.650  -48.378  -14.495 0.0000000000
31933  -46.831  -47.691  -13.833 0.0000000000
31934  -45.922  -47.069  -13.299 0.0000000000
31936  -46.116  -45.583  -14.227 0.0000000000
31937  -44.910  -46.639  -13.167 0.0000000000
31938  -43.800  -46.333  -13.226 0.0000000000
31939  -42.713  -46.341  -13.619 0.0000000000
31940  -41.884  -46.538  -14.231 0.0000000000
31941  -41.290  -47.149  -14.926 0.0000000000
31942  -42.173  -45.196  -14.742 0.0000000000
31943  -42.492  -44.037  -15.407 0.0000000000
31944  -42.779  -42.996  -16.185 0.0000000000
34204  -47.751  -63.518  -5.335 0.0000000000
34205  -47.743  -62.899  -5.770 0.0000000000
34206  -47.795  -62.255  -6.229 0.0000000000
34207  -49.984  -61.848  -6.909 0.0000000000
34208  -48.899  -61.601  -6.771 0.0000000000
34209  -47.797  -61.353  -6.664 0.0000000000
34210  -47.986  -60.394  -7.089 0.0000000000
34211  -48.228  -59.443  -7.748 0.0000000000
34212  -48.329  -58.642  -8.430 0.0000000000
34350  -33.005  -52.523  -16.599 0.0000000000
40330  -54.036  -54.057  -8.632 0.0000000000
40331  -54.061  -55.764  -8.474 0.0000000000
40332  -54.093  -57.293  -8.564 0.0000000000
40333  -54.084  -58.183  -9.124 0.0000000000
40334  -53.566  -58.944  -9.597 0.0000000000
40335  -52.841  -59.249  -9.941 0.0000000000
40336  -54.485  -57.726  -11.420 0.0000000000
40337  -53.229  -58.714  -10.956 0.0000000000
40338  -51.875  -59.281  -10.242 0.0000000000
40339  -50.815  -58.847  -10.174 0.0000000000
40340  -49.768  -58.341  -9.816 0.0000000000
40341  -48.626  -57.854  -9.122 0.0000000000
40360  -55.160  -54.728  -16.200 0.0000000000
40361  -54.111  -55.695  -15.517 0.0000000000
40362  -52.958  -56.274  -14.379 0.0000000000
40363  -51.566  -54.818  -15.008 0.0000000000
40364  -51.653  -55.715  -13.947 0.0000000000
40365  -51.585  -56.617  -12.939 0.0000000000
40366  -50.241  -56.731  -11.323 0.0000000000
40367  -48.933  -56.990  -9.792 0.0000000000
40368  -47.474  -57.362  -8.430 0.0000000000
40369  -46.324  -56.895  -7.834 0.0000000000
40370  -45.095  -56.538  -7.315 0.0000000000
40371  -43.652  -56.373  -7.002 0.0000000000
40372  -45.303  -54.437  -8.687 0.0000000000
40373  -43.788  -55.307  -7.711 0.0000000000
40374  -42.292  -56.438  -7.177 0.0000000000
40375  -41.058  -56.755  -7.777 0.0000000000
40376  -40.353  -57.389  -8.781 0.0000000000
40377  -40.101  -58.087  -10.014 0.0000000000
40378  -46.000  -50.645  -12.419 0.0000000000
40379  -44.534  -51.306  -11.249 0.0000000000
40380  -42.879  -52.214  -10.448 0.0000000000
40381  -42.283  -50.958  -11.604 0.0000000000
40382  -41.815  -52.214  -10.951 0.0000000000
40383  -41.501  -53.448  -10.126 0.0000000000
40384  -40.486  -55.089  -10.319 0.0000000000
40385  -40.026  -56.967  -10.744 0.0000000000
40386  -40.161  -58.877  -11.361 0.0000000000
40387  -40.575  -59.701  -12.656 0.0000000000
40388  -41.090  -60.378  -13.948 0.0000000000
40389  -41.968  -60.817  -15.171 0.0000000000
40390  -41.281  -57.743  -15.596 0.0000000000
40391  -42.031  -59.520  -16.107 0.0000000000
40398  -41.477  -58.213  -20.174 0.0000000000
40399  -42.585  -55.868  -19.824 0.0000000000
40400  -41.935  -56.444  -20.259 0.0000000000
40401  -40.806  -57.001  -20.159 0.0000000000
40402  -40.190  -55.742  -20.133 0.0000000000
40403  -39.676  -54.483  -20.119 0.0000000000
40404  -39.210  -53.287  -20.081 0.0000000000
40405  -40.925  -47.899  -15.734 0.0000000000
40406  -40.612  -48.631  -16.582 0.0000000000
40407  -40.414  -49.501  -17.393 0.0000000000
40408  -40.181  -45.924  -17.062 0.0000000000
40409  -39.950  -48.215  -17.414 0.0000000000
40410  -40.220  -50.380  -18.218 0.0000000000
40411  -39.989  -50.938  -19.211 0.0000000000
40412  -39.562  -51.400  -19.992 0.0000000000
40413  -38.732  -52.035  -20.012 0.0000000000
40414  -38.245  -50.706  -20.002 0.0000000000
40415  -37.801  -49.506  -20.114 0.0000000000
40416  -37.504  -48.350  -20.343 0.0000000000
40417  -38.959  -45.594  -20.523 0.0000000000
40418  -38.387  -46.310  -21.100 0.0000000000
40419  -37.291  -47.050  -20.658 0.0000000000
40420  -37.149  -45.888  -21.048 0.0000000000
40421  -37.068  -44.652  -21.542 0.0000000000
41696  -47.133  -58.636  -7.535 0.0000000000
41697  -46.434  -58.902  -7.016 0.0000000000
41698  -46.494  -58.491  -7.273 0.0000000000
41699  -45.885  -58.342  -7.001 0.0000000000
41700  -46.611  -58.097  -7.544 0.0000000000
42298  -53.435  -58.694  -7.550 0.0000000000
42299  -53.452  -59.143  -7.849 0.0000000000
42300  -53.602  -58.425  -7.998 0.0000000000
42334  -37.738  -54.591  -19.123 0.0000000000
42335  -37.221  -54.736  -18.589 0.0000000000
42336  -37.556  -53.887  -19.095 0.0000000000
42337  -37.349  -53.201  -19.036 0.0000000000
42338  -37.879  -53.095  -19.408 0.0000000000
43976  -40.244  -60.548  -10.265 0.0000000000
43980  -40.393  -60.491  -11.243 0.0000000000
43992  -49.080  -50.080  -15.269 0.0000000000
43993  -49.669  -50.436  -15.673 0.0000000000
43994  -48.984  -50.766  -14.933 0.0000000000
43995  -48.833  -51.427  -14.470 0.0000000000
43996  -48.279  -51.113  -14.114 0.0000000000
43997  -47.582  -51.499  -13.268 0.0000000000
43998  -47.735  -50.854  -13.778 0.0000000000
43999  -41.463  -48.342  -14.375 0.0000000000
44000  -41.444  -49.180  -14.343 0.0000000000
44001  -41.300  -49.425  -14.886 0.0000000000
44002  -41.249  -50.504  -15.425 0.0000000000
44003  -41.231  -49.676  -15.327 0.0000000000
44004  -41.170  -49.975  -15.820 0.0000000000
44005  -41.185  -48.941  -15.283 0.0000000000
44736  -39.491  -59.156  -19.260 0.0000000000
44737  -39.164  -58.502  -19.248 0.0000000000
44738  -39.838  -58.310  -19.611 0.0000000000
46366  -46.708  -62.473  -6.049 0.0000000000
46368  -46.197  -62.403  -6.033 0.0000000000
46376  -42.041  -58.052  -6.181 0.0000000000
46377  -41.399  -58.698  -6.128 0.0000000000
46378  -41.454  -58.225  -6.350 0.0000000000
46379  -40.861  -58.437  -6.733 0.0000000000
46380  -41.501  -57.748  -6.627 0.0000000000
46400  -46.146  -43.445  -15.749 0.0000000000
46401  -45.699  -43.260  -15.662 0.0000000000
46402  -44.998  -43.715  -15.050 0.0000000000
46403  -45.204  -43.130  -15.590 0.0000000000
46404  -44.784  -43.094  -15.592 0.0000000000
48173  -50.346  -62.815  -5.781 0.0000000000
48174  -49.846  -62.832  -5.941 0.0000000000
48175  -50.373  -62.540  -6.218 0.0000000000
48176  -51.381  -60.396  -8.900 0.0000000000
48177  -50.707  -60.590  -8.361 0.0000000000
48178  -50.873  -60.182  -8.791 0.0000000000
48179  -50.367  -59.989  -8.745 0.0000000000
48180  -51.016  -59.828  -9.216 0.0000000000
48282  -32.584  -56.543  -15.946 0.0000000000
48283  -31.989  -57.619  -15.995 0.0000000000
48284  -31.664  -56.979  -16.158 0.0000000000
48285  -30.871  -57.353  -16.331 0.0000000000
48286  -31.371  -56.284  -16.315 0.0000000000
48287  -31.104  -55.594  -16.457 0.0000000000
48288  -31.988  -55.228  -16.268 0.0000000000
48289  -36.141  -49.499  -18.846 0.0000000000
48290  -35.517  -49.642  -18.313 0.0000000000
48291  -35.978  -48.893  -18.878 0.0000000000
48292  -35.781  -48.218  -18.937 0.0000000000
48293  -36.383  -48.083  -19.543 0.0000000000
53232  -55.809  -54.414  -10.977 0.0000000000
53233  -55.609  -53.976  -10.631 0.0000000000
53234  -55.613  -54.744  -10.496 0.0000000000
53235  -55.402  -55.103  -10.138 0.0000000000
53236  -55.583  -55.551  -10.499 0.0000000000
53237  -55.324  -56.402  -10.479 0.0000000000
53238  -55.604  -56.053  -10.822 0.0000000000
53239  -53.365  -57.292  -13.067 0.0000000000
53240  -53.274  -57.769  -12.564 0.0000000000
53241  -52.707  -57.539  -12.630 0.0000000000
53242  -51.982  -57.681  -12.121 0.0000000000
53243  -52.114  -57.285  -12.633 0.0000000000
53259  -53.719  -53.797  -17.892 0.0000000000
53260  -53.637  -54.446  -17.382 0.0000000000
53261  -53.022  -54.116  -17.188 0.0000000000
53262  -48.474  -54.147  -11.453 0.0000000000
53263  -49.074  -54.511  -11.868 0.0000000000
53264  -48.458  -54.604  -10.975 0.0000000000
53265  -48.459  -55.120  -10.515 0.0000000000
53266  -47.825  -54.759  -10.193 0.0000000000
53267  -47.231  -55.057  -9.446 0.0000000000
53268  -47.236  -54.513  -9.888 0.0000000000
53269  -43.264  -53.194  -9.404 0.0000000000
53270  -43.178  -53.702  -8.973 0.0000000000
53271  -42.507  -53.757  -9.101 0.0000000000
53272  -41.838  -54.367  -8.966 0.0000000000
53273  -41.904  -53.836  -9.380 0.0000000000
53274  -45.032  -48.284  -12.543 0.0000000000
53275  -44.765  -49.048  -12.238 0.0000000000
53276  -44.233  -48.914  -12.171 0.0000000000
53277  -40.480  -54.118  -13.259 0.0000000000
53278  -40.473  -53.752  -12.586 0.0000000000
53279  -40.351  -54.812  -12.928 0.0000000000
53280  -40.201  -55.495  -12.563 0.0000000000
53281  -40.326  -55.856  -13.283 0.0000000000
53282  -40.344  -56.879  -13.584 0.0000000000
53283  -40.498  -56.184  -13.910 0.0000000000
53284  -42.375  -56.513  -18.169 0.0000000000
53285  -42.403  -57.305  -17.865 0.0000000000
53286  -42.700  -57.467  -18.438 0.0000000000
53287  -43.037  -58.463  -18.638 0.0000000000
53288  -42.908  -57.646  -18.914 0.0000000000
53289  -43.112  -57.916  -19.436 0.0000000000
53290  -42.828  -56.939  -19.124 0.0000000000
53291  -41.072  -52.171  -18.706 0.0000000000
53292  -41.273  -53.101  -19.311 0.0000000000
53293  -40.931  -52.539  -19.159 0.0000000000
53294  -40.845  -52.760  -19.537 0.0000000000
53295  -40.618  -51.866  -18.977 0.0000000000
53296  -41.690  -43.887  -16.199 0.0000000000
53297  -41.224  -44.835  -16.138 0.0000000000
53298  -41.320  -44.224  -16.468 0.0000000000
53299  -39.337  -45.845  -18.597 0.0000000000
53300  -39.303  -46.482  -18.335 0.0000000000
53301  -39.145  -46.893  -18.725 0.0000000000
53302  -39.102  -47.991  -18.869 0.0000000000
53303  -38.940  -47.233  -19.098 0.0000000000
53304  -38.885  -47.684  -19.441 0.0000000000
53305  -38.920  -46.534  -19.391 0.0000000000
55966  -46.893  -60.551  -6.677 0.0000000000
55967  -46.192  -60.855  -6.403 0.0000000000
55968  -46.254  -60.313  -6.539 0.0000000000
55969  -45.014  -59.505  -6.168 0.0000000000
55970  -45.068  -60.008  -6.125 0.0000000000
55971  -44.404  -59.879  -5.837 0.0000000000
55972  -43.697  -60.390  -5.620 0.0000000000
55973  -43.748  -59.863  -5.676 0.0000000000
55974  -43.076  -59.874  -5.504 0.0000000000
55975  -43.792  -59.365  -5.778 0.0000000000
55976  -44.644  -58.104  -6.466 0.0000000000
55977  -43.953  -58.436  -6.047 0.0000000000
55978  -44.066  -58.011  -6.255 0.0000000000
55979  -43.358  -57.968  -6.123 0.0000000000
55980  -44.157  -57.563  -6.476 0.0000000000
57773  -52.188  -61.167  -6.874 0.0000000000
57774  -51.890  -61.377  -7.083 0.0000000000
57775  -52.384  -60.913  -7.304 0.0000000000
57776  -53.147  -59.981  -8.336 0.0000000000
57777  -52.685  -60.540  -8.170 0.0000000000
57778  -52.733  -60.298  -8.598 0.0000000000
57779  -52.276  -60.521  -8.830 0.0000000000
57780  -52.715  -59.983  -8.997 0.0000000000
57879  -36.310  -58.112  -16.636 0.0000000000
57880  -35.555  -58.468  -15.920 0.0000000000
57881  -36.070  -57.483  -16.627 0.0000000000
57882  -36.004  -55.221  -17.233 0.0000000000
57883  -35.571  -56.124  -16.595 0.0000000000
57884  -35.306  -55.445  -16.583 0.0000000000
57885  -34.488  -55.716  -16.077 0.0000000000
57886  -35.050  -54.788  -16.616 0.0000000000
57887  -34.812  -54.126  -16.737 0.0000000000
57888  -35.587  -53.859  -17.297 0.0000000000
57889  -36.882  -51.986  -18.869 0.0000000000
57890  -36.389  -52.143  -18.299 0.0000000000
57891  -36.681  -51.377  -18.844 0.0000000000
57892  -36.494  -50.759  -18.840 0.0000000000
57893  -37.042  -50.683  -19.343 0.0000000000
62834  -55.786  -53.414  -12.566 0.0000000000
62835  -55.936  -53.777  -12.033 0.0000000000
62836  -55.812  -54.230  -12.437 0.0000000000
62837  -55.767  -55.006  -12.320 0.0000000000
62838  -55.687  -54.635  -12.870 0.0000000000
62839  -55.324  -54.942  -14.337 0.0000000000
62840  -55.351  -55.353  -13.698 0.0000000000
62841  -55.055  -55.595  -14.154 0.0000000000
62842  -54.640  -56.235  -13.881 0.0000000000
62843  -54.662  -55.778  -14.513 0.0000000000
62855  -50.819  -51.244  -16.550 0.0000000000
62857  -51.373  -51.667  -16.965 0.0000000000
62858  -51.920  -52.061  -17.391 0.0000000000
62859  -51.244  -52.320  -16.571 0.0000000000
62860  -51.182  -52.919  -16.149 0.0000000000
62861  -50.585  -52.478  -15.707 0.0000000000
62862  -48.561  -52.505  -13.397 0.0000000000
62863  -49.240  -52.779  -13.846 0.0000000000
62864  -48.533  -52.906  -12.935 0.0000000000
62865  -48.519  -53.281  -12.458 0.0000000000
62866  -47.878  -53.012  -12.076 0.0000000000
62867  -47.237  -53.174  -11.262 0.0000000000
62868  -47.244  -52.778  -11.738 0.0000000000
62869  -46.230  -51.923  -11.621 0.0000000000
62870  -46.104  -52.315  -11.124 0.0000000000
62871  -45.602  -52.197  -10.883 0.0000000000
62872  -44.796  -52.427  -10.293 0.0000000000
62873  -44.948  -51.981  -10.786 0.0000000000
62874  -42.886  -47.807  -12.861 0.0000000000
62875  -42.688  -48.653  -12.634 0.0000000000
62876  -42.255  -48.701  -13.024 0.0000000000
62877  -41.256  -50.905  -14.220 0.0000000000
62878  -41.362  -50.712  -13.679 0.0000000000
62879  -41.032  -51.736  -14.034 0.0000000000
62880  -40.779  -52.490  -13.788 0.0000000000
62881  -40.786  -52.819  -14.410 0.0000000000
62882  -40.827  -53.824  -14.783 0.0000000000
62883  -40.930  -53.016  -15.103 0.0000000000
62884  -41.252  -52.562  -16.418 0.0000000000
62885  -41.255  -53.429  -16.306 0.0000000000
62886  -41.475  -53.653  -16.922 0.0000000000
62887  -41.751  -54.635  -17.355 0.0000000000
62888  -41.722  -53.804  -17.586 0.0000000000
62889  -41.906  -54.092  -18.160 0.0000000000
62890  -41.611  -53.119  -17.615 0.0000000000
62891  -41.150  -50.652  -16.843 0.0000000000
62892  -41.269  -51.659  -17.474 0.0000000000
62893  -41.129  -51.016  -17.327 0.0000000000
62894  -41.126  -51.424  -17.829 0.0000000000
62895  -40.961  -50.364  -17.171 0.0000000000
62897  -41.655  -42.552  -17.602 0.0000000000
62900  -40.931  -42.509  -18.529 0.0000000000
62901  -40.551  -42.765  -18.838 0.0000000000
62902  -40.114  -43.661  -18.778 0.0000000000
62903  -40.253  -43.078  -19.195 0.0000000000
62904  -39.971  -43.395  -19.538 0.0000000000
62905  -40.441  -42.559  -19.656 0.0000000000
65089  -38.622  -57.297  -19.177 0.0000000000
65090  -38.045  -57.514  -18.712 0.0000000000
65091  -38.390  -56.649  -19.158 0.0000000000
65092  -38.159  -55.992  -19.135 0.0000000000
65093  -38.762  -55.825  -19.539 0.0000000000
69984  -44.975  -61.559  -5.940 0.0000000000
70006  -41.801  -60.044  -5.492 0.0000000000
70008  -41.217  -60.195  -5.610 0.0000000000
70009  -40.344  -60.209  -6.413 0.0000000000
70016  -40.245  -59.053  -7.751 0.0000000000
70017  -39.978  -59.894  -8.032 0.0000000000
70018  -40.093  -59.423  -8.334 0.0000000000
70019  -40.062  -59.802  -8.979 0.0000000000
70020  -40.168  -58.936  -8.657 0.0000000000
70065  -49.204  -48.666  -15.955 0.0000000000
70066  -48.699  -48.337  -15.529 0.0000000000
70067  -48.128  -48.729  -14.830 0.0000000000
70068  -48.256  -47.957  -15.162 0.0000000000
70069  -47.552  -46.455  -14.907 0.0000000000
70070  -47.391  -47.232  -14.490 0.0000000000
70071  -46.965  -46.898  -14.185 0.0000000000
70072  -46.387  -47.367  -13.578 0.0000000000
70073  -46.517  -46.581  -13.946 0.0000000000
70077  -45.783  -44.653  -14.619 0.0000000000
70078  -46.300  -44.905  -14.757 0.0000000000
70079  -45.634  -45.348  -14.041 0.0000000000
70080  -45.532  -46.096  -13.583 0.0000000000
70081  -45.013  -45.921  -13.532 0.0000000000
70082  -44.335  -46.460  -13.149 0.0000000000
70083  -44.498  -45.740  -13.540 0.0000000000
70084  -43.669  -44.870  -14.172 0.0000000000
70085  -43.458  -45.556  -13.772 0.0000000000
70086  -42.910  -45.575  -13.959 0.0000000000
70087  -42.266  -46.430  -13.888 0.0000000000
70088  -42.414  -45.667  -14.210 0.0000000000
70089  -42.021  -45.854  -14.452 0.0000000000
70090  -42.622  -45.026  -14.514 0.0000000000
70091  -43.732  -43.188  -15.634 0.0000000000
70092  -42.997  -43.829  -15.236 0.0000000000
70093  -43.147  -43.316  -15.643 0.0000000000
70094  -42.650  -43.490  -15.765 0.0000000000
70095  -43.311  -42.841  -16.135 0.0000000000
75400  -48.257  -63.572  -5.309 0.0000000000
75401  -48.806  -62.597  -5.988 0.0000000000
75402  -48.239  -62.854  -5.740 0.0000000000
75403  -48.283  -62.600  -5.992 0.0000000000
75404  -47.768  -62.599  -6.013 0.0000000000
75405  -48.330  -62.288  -6.221 0.0000000000
75406  -51.053  -61.553  -7.285 0.0000000000
75407  -50.521  -61.900  -6.929 0.0000000000
75408  -50.530  -61.554  -7.286 0.0000000000
75409  -49.557  -60.929  -7.439 0.0000000000
75410  -49.441  -61.330  -7.142 0.0000000000
75411  -48.937  -61.159  -7.024 0.0000000000
75412  -48.357  -61.456  -6.720 0.0000000000
75413  -48.390  -61.017  -6.969 0.0000000000
75414  -47.853  -60.879  -6.869 0.0000000000
75415  -48.472  -60.562  -7.243 0.0000000000
75416  -49.332  -59.419  -8.515 0.0000000000
75417  -48.716  -59.661  -7.914 0.0000000000
75418  -48.827  -59.220  -8.293 0.0000000000
75419  -48.259  -59.014  -8.077 0.0000000000
75420  -48.919  -58.829  -8.682 0.0000000000
75722  -33.809  -59.060  -15.385 0.0000000000
75723  -33.117  -60.136  -15.410 0.0000000000
75724  -32.892  -59.527  -15.535 0.0000000000
75725  -31.023  -59.778  -15.982 0.0000000000
75744  -34.252  -52.839  -16.853 0.0000000000
75745  -33.321  -53.219  -16.506 0.0000000000
75746  -33.967  -52.153  -16.867 0.0000000000
75747  -34.003  -49.882  -17.466 0.0000000000
75748  -33.390  -50.863  -16.998 0.0000000000
75754  -35.517  -46.938  -19.316 0.0000000000
90575  -55.035  -53.019  -10.010 0.0000000000
90576  -55.087  -52.284  -10.114 0.0000000000
90577  -54.737  -52.570  -9.672 0.0000000000
90579  -54.332  -52.804  -9.223 0.0000000000
90580  -54.009  -53.148  -8.766 0.0000000000
90581  -54.308  -53.694  -9.112 0.0000000000
90582  -54.715  -55.848  -9.320 0.0000000000
90583  -54.344  -55.440  -8.937 0.0000000000
90584  -54.395  -56.179  -8.953 0.0000000000
90585  -54.138  -56.544  -8.512 0.0000000000
90586  -54.389  -56.953  -8.981 0.0000000000
90587  -54.171  -57.698  -8.914 0.0000000000
90588  -54.468  -57.381  -9.457 0.0000000000
90589  -54.296  -58.038  -10.337 0.0000000000
90590  -54.072  -58.310  -9.894 0.0000000000
90591  -53.759  -58.643  -10.137 0.0000000000
90592  -53.202  -59.174  -9.758 0.0000000000
90593  -53.419  -58.847  -10.301 0.0000000000
90594  -55.219  -56.659  -12.037 0.0000000000
90595  -55.096  -57.015  -11.540 0.0000000000
90596  -54.659  -57.384  -11.897 0.0000000000
90597  -52.961  -58.531  -11.621 0.0000000000
90598  -53.435  -58.502  -11.476 0.0000000000
90599  -52.775  -58.737  -11.106 0.0000000000
90600  -52.607  -58.964  -10.660 0.0000000000
90601  -52.093  -58.910  -10.736 0.0000000000
90602  -51.375  -59.073  -10.230 0.0000000000
90603  -51.522  -58.737  -10.681 0.0000000000
90604  -50.578  -57.907  -10.851 0.0000000000
90605  -50.482  -58.292  -10.490 0.0000000000
90606  -49.931  -57.948  -10.195 0.0000000000
90607  -49.187  -58.056  -9.491 0.0000000000
90608  -49.354  -57.644  -9.878 0.0000000000
90657  -53.488  -55.377  -16.243 0.0000000000
90658  -54.157  -55.415  -16.156 0.0000000000
90659  -53.501  -55.690  -15.632 0.0000000000
90660  -53.508  -55.973  -15.008 0.0000000000
90661  -52.849  -55.888  -15.034 0.0000000000
90662  -51.096  -53.881  -15.151 0.0000000000
90663  -51.658  -54.318  -15.539 0.0000000000
90664  -51.062  -54.365  -14.680 0.0000000000
90665  -50.352  -55.388  -12.630 0.0000000000
90666  -50.998  -55.335  -13.534 0.0000000000
90667  -50.972  -55.797  -13.030 0.0000000000
90668  -51.665  -56.140  -13.456 0.0000000000
90669  -50.914  -56.238  -12.574 0.0000000000
90670  -50.871  -56.674  -12.123 0.0000000000
90671  -50.269  -56.326  -11.734 0.0000000000
90672  -48.413  -56.180  -9.720 0.0000000000
90673  -49.010  -56.517  -10.124 0.0000000000
90674  -48.338  -56.658  -9.409 0.0000000000
90675  -48.220  -57.152  -9.075 0.0000000000
90676  -47.628  -56.882  -8.711 0.0000000000
90677  -46.886  -57.127  -8.138 0.0000000000
90678  -47.070  -56.627  -8.427 0.0000000000
90679  -45.905  -55.609  -8.150 0.0000000000
90680  -45.808  -56.144  -7.835 0.0000000000
90681  -45.158  -55.983  -7.618 0.0000000000
90682  -44.398  -56.409  -7.134 0.0000000000
90683  -44.450  -55.877  -7.438 0.0000000000
90684  -45.951  -53.617  -9.762 0.0000000000
90685  -45.955  -54.092  -9.282 0.0000000000
90686  -45.263  -53.913  -9.059 0.0000000000
90687  -43.075  -54.763  -8.166 0.0000000000
90688  -43.788  -54.737  -8.093 0.0000000000
90689  -43.073  -55.306  -7.765 0.0000000000
90690  -43.016  -55.826  -7.388 0.0000000000
90691  -42.334  -55.860  -7.535 0.0000000000
90692  -41.614  -56.544  -7.389 0.0000000000
90693  -41.675  -56.000  -7.774 0.0000000000
90694  -40.746  -55.932  -9.001 0.0000000000
90695  -40.708  -56.480  -8.618 0.0000000000
90696  -40.395  -56.806  -9.159 0.0000000000
90697  -40.189  -57.736  -9.367 0.0000000000
90698  -40.183  -57.168  -9.735 0.0000000000
90699  -46.932  -49.541  -13.513 0.0000000000
90700  -46.718  -50.270  -13.109 0.0000000000
90701  -46.230  -50.031  -12.819 0.0000000000
90702  -44.184  -50.550  -11.543 0.0000000000
90703  -44.718  -50.737  -11.651 0.0000000000
90704  -43.921  -51.181  -11.192 0.0000000000
90705  -43.683  -51.743  -10.767 0.0000000000
90706  -43.086  -51.668  -10.882 0.0000000000
90707  -42.188  -50.310  -12.209 0.0000000000
90708  -42.604  -50.261  -11.907 0.0000000000
90709  -41.866  -51.027  -11.954 0.0000000000
90710  -40.806  -53.195  -11.432 0.0000000000
90711  -41.355  -52.352  -11.306 0.0000000000
90712  -41.181  -52.998  -10.952 0.0000000000
90713  -41.654  -52.876  -10.551 0.0000000000
90714  -41.066  -53.623  -10.565 0.0000000000
90715  -40.963  -54.202  -10.204 0.0000000000
90716  -40.566  -54.471  -10.686 0.0000000000
90717  -39.998  -56.749  -11.823 0.0000000000
90718  -40.032  -56.391  -11.111 0.0000000000
90719  -40.005  -57.313  -11.453 0.0000000000
90720  -40.025  -57.911  -11.066 0.0000000000
90721  -40.098  -58.336  -11.751 0.0000000000
90722  -40.323  -59.331  -12.028 0.0000000000
90723  -40.239  -58.778  -12.471 0.0000000000
90724  -40.761  -58.843  -14.204 0.0000000000
90725  -40.768  -59.431  -13.769 0.0000000000
90726  -41.081  -59.764  -14.399 0.0000000000
90727  -41.481  -60.672  -14.530 0.0000000000
90728  -41.503  -59.979  -15.036 0.0000000000
90729  -41.120  -55.833  -15.612 0.0000000000
90730  -41.031  -56.638  -15.302 0.0000000000
90731  -41.367  -56.958  -15.935 0.0000000000
90732  -42.547  -58.961  -17.233 0.0000000000
90733  -42.065  -58.802  -16.563 0.0000000000
90734  -42.527  -59.789  -16.744 0.0000000000
90746  -42.882  -58.330  -20.061 0.0000000000
90747  -42.771  -59.226  -19.999 0.0000000000
90748  -42.454  -58.612  -20.143 0.0000000000
90749  -41.877  -58.827  -20.105 0.0000000000
90750  -42.089  -57.943  -20.220 0.0000000000
90751  -42.269  -54.568  -19.128 0.0000000000
90752  -42.591  -55.538  -19.432 0.0000000000
90753  -42.348  -54.882  -19.506 0.0000000000
90754  -41.617  -54.821  -20.062 0.0000000000
90755  -41.966  -55.483  -20.114 0.0000000000
90756  -41.612  -55.727  -20.268 0.0000000000
90757  -41.465  -56.677  -20.303 0.0000000000
90758  -41.115  -56.104  -20.252 0.0000000000
90759  -40.495  -56.325  -20.147 0.0000000000
90760  -40.784  -55.454  -20.275 0.0000000000
90761  -40.386  -53.310  -20.155 0.0000000000
90762  -40.214  -54.230  -20.273 0.0000000000
90763  -39.979  -53.660  -20.261 0.0000000000
90764  -39.469  -53.946  -20.109 0.0000000000
90765  -39.730  -53.042  -20.234 0.0000000000
90766  -41.340  -46.467  -15.098 0.0000000000
90767  -41.054  -47.529  -15.288 0.0000000000
90768  -41.048  -46.870  -15.427 0.0000000000
90769  -40.551  -46.907  -16.329 0.0000000000
90770  -40.646  -47.569  -16.220 0.0000000000
90771  -40.446  -47.910  -16.585 0.0000000000
90772  -40.512  -49.059  -16.985 0.0000000000
90773  -40.285  -48.369  -17.002 0.0000000000
90774  -40.658  -44.233  -17.384 0.0000000000
90775  -40.586  -44.874  -17.067 0.0000000000
90776  -40.246  -45.181  -17.428 0.0000000000
90777  -39.535  -47.929  -17.984 0.0000000000
90778  -39.782  -47.483  -17.537 0.0000000000
90779  -39.808  -48.716  -17.827 0.0000000000
90780  -40.047  -49.336  -17.797 0.0000000000
90781  -39.931  -49.725  -18.174 0.0000000000
90782  -40.112  -50.663  -18.705 0.0000000000
90783  -39.844  -50.092  -18.655 0.0000000000
90784  -39.235  -49.852  -19.569 0.0000000000
90785  -39.491  -50.505  -19.611 0.0000000000
90786  -39.299  -50.700  -19.950 0.0000000000
90787  -39.189  -51.641  -20.121 0.0000000000
90788  -38.951  -50.972  -20.083 0.0000000000
90789  -38.487  -51.355  -20.002 0.0000000000
90790  -38.731  -50.359  -20.071 0.0000000000
90791  -38.513  -48.306  -20.128 0.0000000000
90792  -38.261  -49.108  -20.195 0.0000000000
90793  -38.134  -48.561  -20.341 0.0000000000
90794  -37.640  -48.925  -20.220 0.0000000000
90795  -38.030  -47.943  -20.524 0.0000000000
90796  -39.483  -44.206  -20.228 0.0000000000
90797  -39.127  -45.245  -20.139 0.0000000000
90798  -39.334  -44.620  -20.621 0.0000000000
90799  -38.857  -44.709  -21.719 0.0000000000
90800  -38.784  -45.346  -21.288 0.0000000000
90801  -38.375  -45.718  -21.386 0.0000000000
90802  -37.890  -46.708  -21.027 0.0000000000
90803  -37.813  -46.095  -21.296 0.0000000000
90804  -37.218  -46.414  -20.855 0.0000000000
90805  -37.784  -45.450  -21.531 0.0000000000
90807  -37.741  -44.340  -22.005 0.0000000000
93484  -47.003  -59.462  -7.033 0.0000000000
93485  -46.322  -59.802  -6.650 0.0000000000
93486  -46.374  -59.335  -6.804 0.0000000000
93487  -45.756  -59.187  -6.571 0.0000000000
93488  -45.125  -59.032  -6.320 0.0000000000
93489  -44.497  -58.948  -6.100 0.0000000000
93490  -45.198  -58.607  -6.518 0.0000000000
93491  -45.280  -58.194  -6.747 0.0000000000
93492  -45.386  -57.758  -6.975 0.0000000000
94568  -53.013  -60.112  -7.219 0.0000000000
94569  -52.824  -60.449  -7.461 0.0000000000
94570  -53.201  -59.862  -7.659 0.0000000000
94571  -53.371  -59.578  -8.085 0.0000000000
94572  -53.541  -59.314  -8.482 0.0000000000
94632  -37.063  -56.342  -18.027 0.0000000000
94633  -36.469  -56.599  -17.325 0.0000000000
94634  -36.858  -55.652  -17.958 0.0000000000
94635  -36.630  -54.991  -17.894 0.0000000000
94636  -36.432  -54.332  -17.848 0.0000000000
94637  -36.253  -53.694  -17.837 0.0000000000
94638  -36.808  -53.422  -18.456 0.0000000000
94639  -37.111  -52.592  -18.939 0.0000000000
94640  -37.474  -51.847  -19.323 0.0000000000
97606  -55.526  -53.282  -13.576 0.0000000000
97607  -55.609  -54.186  -13.378 0.0000000000
97608  -55.508  -53.792  -14.078 0.0000000000
97609  -55.455  -54.203  -14.569 0.0000000000
97610  -55.288  -54.541  -15.041 0.0000000000
97616  -50.321  -49.349  -16.847 0.0000000000
97618  -50.306  -50.080  -16.496 0.0000000000
97619  -50.200  -50.805  -16.109 0.0000000000
97620  -50.104  -51.464  -15.736 0.0000000000
97621  -49.952  -52.094  -15.288 0.0000000000
97622  -49.353  -51.756  -14.860 0.0000000000
97623  -48.667  -52.002  -13.918 0.0000000000
97624  -47.985  -52.207  -13.063 0.0000000000
97625  -47.345  -52.379  -12.241 0.0000000000
97626  -47.443  -51.967  -12.755 0.0000000000
97627  -46.893  -51.678  -12.428 0.0000000000
97628  -46.320  -51.425  -12.212 0.0000000000
97629  -42.022  -48.000  -13.537 0.0000000000
97630  -41.905  -48.861  -13.447 0.0000000000
97631  -41.642  -49.046  -13.848 0.0000000000
97632  -41.410  -50.042  -14.351 0.0000000000
97633  -41.186  -51.132  -14.857 0.0000000000
97634  -41.080  -52.187  -15.257 0.0000000000
97635  -41.204  -51.338  -15.392 0.0000000000
97636  -41.268  -51.492  -15.949 0.0000000000
97637  -41.262  -51.667  -16.457 0.0000000000
97638  -41.383  -52.017  -17.013 0.0000000000
97639  -41.250  -50.946  -16.423 0.0000000000
97640  -41.166  -50.271  -16.304 0.0000000000
97641  -41.044  -49.614  -16.210 0.0000000000
98957  -38.005  -58.870  -18.140 0.0000000000
98958  -38.540  -58.678  -18.759 0.0000000000
98959  -38.872  -57.883  -19.217 0.0000000000
98960  -39.277  -57.084  -19.597 0.0000000000
101908  -41.922  -59.037  -5.747 0.0000000000
101909  -41.252  -59.704  -5.736 0.0000000000
101910  -41.316  -59.217  -5.910 0.0000000000
101911  -40.805  -59.422  -6.199 0.0000000000
101912  -40.404  -59.714  -6.644 0.0000000000
101913  -40.075  -60.045  -7.172 0.0000000000
101914  -40.460  -59.254  -6.884 0.0000000000
101915  -40.522  -58.757  -7.200 0.0000000000
101916  -40.558  -58.256  -7.512 0.0000000000
101945  -48.346  -47.196  -15.609 0.0000000000
101948  -47.720  -45.706  -15.440 0.0000000000
101952  -45.984  -44.051  -15.153 0.0000000000
101953  -45.291  -44.494  -14.531 0.0000000000
101954  -44.631  -44.968  -13.999 0.0000000000
101955  -44.795  -44.341  -14.499 0.0000000000
101956  -44.336  -44.231  -14.531 0.0000000000
101957  -43.877  -44.202  -14.629 0.0000000000
101958  -43.328  -44.248  -14.743 0.0000000000
101959  -44.110  -43.685  -15.053 0.0000000000
101960  -44.306  -43.175  -15.567 0.0000000000
101961  -44.490  -42.703  -16.066 0.0000000000
105143  -49.265  -63.397  -5.369 0.0000000000
105144  -48.788  -63.305  -5.477 0.0000000000
105145  -49.310  -63.065  -5.697 0.0000000000
105146  -49.333  -62.715  -5.988 0.0000000000
105147  -49.363  -62.382  -6.258 0.0000000000
105148  -51.129  -61.091  -8.016 0.0000000000
105149  -50.586  -61.296  -7.595 0.0000000000
105150  -50.631  -60.955  -7.968 0.0000000000
105151  -50.131  -60.744  -7.905 0.0000000000
105152  -49.623  -60.510  -7.784 0.0000000000
105153  -49.088  -60.298  -7.718 0.0000000000
105154  -49.722  -60.136  -8.236 0.0000000000
105155  -49.823  -59.740  -8.739 0.0000000000
105156  -49.964  -59.365  -9.102 0.0000000000
105338  -33.199  -57.872  -15.625 0.0000000000
105339  -32.640  -58.989  -15.677 0.0000000000
105340  -32.331  -58.335  -15.833 0.0000000000
105341  -31.494  -58.663  -16.054 0.0000000000
105342  -30.729  -59.141  -16.121 0.0000000000
105344  -30.400  -58.432  -16.267 0.0000000000
105345  -30.083  -57.712  -16.393 0.0000000000
105346  -29.761  -56.947  -16.466 0.0000000000
105348  -30.260  -55.913  -16.539 0.0000000000
105349  -30.865  -54.924  -16.539 0.0000000000
105350  -31.411  -53.864  -16.516 0.0000000000
105351  -35.357  -51.093  -17.796 0.0000000000
105352  -34.537  -51.295  -17.318 0.0000000000
105353  -35.089  -50.419  -17.837 0.0000000000
105354  -34.833  -49.736  -17.894 0.0000000000
105355  -34.596  -49.019  -17.982 0.0000000000
105356  -34.395  -48.377  -18.143 0.0000000000
105357  -35.138  -48.285  -18.522 0.0000000000
105358  -35.660  -47.549  -19.097 0.0000000000
105359  -36.153  -46.885  -19.828 0.0000000000
114248  -55.822  -52.936  -11.305 0.0000000000
114249  -55.652  -52.478  -10.978 0.0000000000
114250  -55.618  -53.203  -10.780 0.0000000000
114251  -55.330  -53.491  -10.314 0.0000000000
114252  -54.991  -53.820  -9.868 0.0000000000
114253  -54.691  -54.186  -9.420 0.0000000000
114254  -55.044  -54.647  -9.722 0.0000000000
114255  -55.098  -55.482  -9.734 0.0000000000
114256  -54.972  -56.309  -9.761 0.0000000000
114257  -54.706  -57.111  -9.812 0.0000000000
114258  -55.075  -56.842  -10.183 0.0000000000
114259  -54.843  -57.295  -10.458 0.0000000000
114260  -54.579  -57.741  -10.712 0.0000000000
114261  -54.338  -57.236  -12.635 0.0000000000
114262  -54.230  -57.629  -12.165 0.0000000000
114263  -53.775  -57.790  -12.401 0.0000000000
114264  -53.152  -58.162  -12.117 0.0000000000
114265  -52.403  -58.304  -11.680 0.0000000000
114266  -51.700  -58.437  -11.153 0.0000000000
114267  -51.834  -58.064  -11.641 0.0000000000
114268  -51.320  -57.905  -11.542 0.0000000000
114269  -50.727  -57.560  -11.262 0.0000000000
114298  -54.756  -54.705  -17.236 0.0000000000
114299  -54.231  -54.657  -17.367 0.0000000000
114300  -53.577  -54.979  -16.882 0.0000000000
114301  -52.833  -55.140  -16.182 0.0000000000
114302  -49.778  -54.022  -13.245 0.0000000000
114303  -50.380  -54.435  -13.685 0.0000000000
114304  -49.752  -54.488  -12.727 0.0000000000
114305  -49.748  -54.924  -12.203 0.0000000000
114306  -49.703  -55.419  -11.730 0.0000000000
114307  -49.673  -55.926  -11.303 0.0000000000
114308  -49.064  -55.566  -10.863 0.0000000000
114309  -48.440  -55.666  -10.042 0.0000000000
114310  -47.815  -55.850  -9.321 0.0000000000
114311  -47.157  -56.082  -8.685 0.0000000000
114312  -47.212  -55.570  -9.037 0.0000000000
114313  -46.622  -55.307  -8.733 0.0000000000
114314  -45.929  -55.090  -8.500 0.0000000000
114315  -44.590  -53.314  -9.400 0.0000000000
114316  -44.542  -53.794  -8.940 0.0000000000
114317  -43.853  -53.738  -8.925 0.0000000000
114318  -43.128  -54.220  -8.549 0.0000000000
114319  -42.416  -54.829  -8.297 0.0000000000
114320  -41.716  -55.469  -8.163 0.0000000000
114321  -41.755  -54.929  -8.553 0.0000000000
114322  -41.202  -55.132  -8.930 0.0000000000
114323  -40.796  -55.360  -9.415 0.0000000000
114324  -46.020  -48.873  -12.972 0.0000000000
114325  -45.774  -49.638  -12.563 0.0000000000
114326  -45.298  -49.306  -12.352 0.0000000000
114327  -44.463  -49.829  -11.870 0.0000000000
114328  -43.644  -50.397  -11.606 0.0000000000
114329  -40.983  -52.025  -12.608 0.0000000000
114330  -41.240  -51.856  -12.114 0.0000000000
114331  -40.737  -52.696  -12.322 0.0000000000
114332  -40.582  -53.449  -11.976 0.0000000000
114333  -40.445  -54.175  -11.565 0.0000000000
114334  -40.352  -54.827  -11.232 0.0000000000
114335  -40.223  -55.094  -11.884 0.0000000000
114336  -40.076  -56.144  -12.193 0.0000000000
114337  -40.059  -57.119  -12.577 0.0000000000
114338  -40.208  -58.178  -12.873 0.0000000000
114339  -40.222  -57.582  -13.243 0.0000000000
114340  -40.446  -57.871  -13.904 0.0000000000
114341  -40.843  -58.212  -14.589 0.0000000000
114342  -41.713  -56.249  -16.916 0.0000000000
114343  -41.704  -57.056  -16.646 0.0000000000
114344  -41.989  -57.200  -17.289 0.0000000000
114345  -42.457  -58.127  -17.548 0.0000000000
114346  -42.945  -59.129  -17.789 0.0000000000
114347  -43.324  -60.165  -17.966 0.0000000000
114348  -43.198  -59.384  -18.304 0.0000000000
114349  -43.484  -59.432  -18.908 0.0000000000
114350  -43.501  -59.553  -19.411 0.0000000000
114352  -43.292  -58.826  -19.617 0.0000000000
114353  -43.094  -58.137  -19.792 0.0000000000
114354  -42.927  -57.497  -19.962 0.0000000000
114355  -41.702  -53.384  -19.099 0.0000000000
114356  -42.023  -54.247  -19.543 0.0000000000
114357  -41.602  -53.640  -19.435 0.0000000000
114358  -41.525  -53.889  -19.793 0.0000000000
114359  -41.270  -54.194  -20.018 0.0000000000
114360  -40.939  -54.474  -20.231 0.0000000000
114361  -40.939  -53.597  -19.962 0.0000000000
114362  -40.639  -53.044  -19.886 0.0000000000
114363  -40.382  -52.457  -19.835 0.0000000000
114364  -41.494  -45.156  -15.527 0.0000000000
114365  -41.096  -46.175  -15.632 0.0000000000
114366  -41.158  -45.467  -15.852 0.0000000000
114367  -40.847  -45.889  -16.191 0.0000000000
114368  -40.508  -46.213  -16.491 0.0000000000
114369  -39.934  -44.961  -18.018 0.0000000000
114370  -39.900  -45.657  -17.695 0.0000000000
114371  -39.586  -46.012  -18.008 0.0000000000
114372  -39.373  -47.165  -18.152 0.0000000000
114373  -39.423  -48.398  -18.300 0.0000000000
114374  -39.567  -49.475  -18.647 0.0000000000
114375  -39.309  -48.751  -18.720 0.0000000000
114376  -39.204  -49.011  -19.165 0.0000000000
114377  -39.035  -49.264  -19.591 0.0000000000
114378  -38.832  -49.510  -19.914 0.0000000000
114379  -38.840  -48.678  -19.663 0.0000000000
114380  -38.709  -48.034  -19.811 0.0000000000
114381  -38.631  -47.341  -20.071 0.0000000000
114382  -39.917  -42.984  -21.238 0.0000000000
114383  -39.487  -43.973  -21.097 0.0000000000
114384  -39.645  -43.341  -21.566 0.0000000000
114385  -39.343  -43.822  -21.800 0.0000000000
114386  -38.905  -44.084  -22.028 0.0000000000
114387  -38.367  -44.541  -21.989 0.0000000000
116009  -40.593  -59.436  -19.655 0.0000000000
118288  -46.730  -61.595  -6.399 0.0000000000
118289  -46.172  -61.912  -6.184 0.0000000000
118290  -46.172  -61.386  -6.304 0.0000000000
118291  -45.571  -61.174  -6.195 0.0000000000
118292  -44.991  -61.013  -6.046 0.0000000000
118293  -45.657  -60.124  -6.345 0.0000000000
118294  -45.037  -60.508  -6.089 0.0000000000
118295  -44.336  -60.909  -5.809 0.0000000000
118296  -43.632  -60.894  -5.590 0.0000000000
118297  -42.997  -60.888  -5.389 0.0000000000
118300  -42.406  -60.404  -5.329 0.0000000000
118301  -42.423  -59.935  -5.435 0.0000000000
118302  -42.488  -59.432  -5.545 0.0000000000
118303  -43.828  -58.895  -5.887 0.0000000000
118304  -43.211  -58.887  -5.750 0.0000000000
118305  -42.585  -58.941  -5.695 0.0000000000
118306  -42.641  -58.474  -5.873 0.0000000000
118307  -42.693  -57.996  -6.100 0.0000000000
118308  -42.794  -57.492  -6.353 0.0000000000
120818  -51.274  -62.041  -6.383 0.0000000000
120819  -50.848  -62.129  -6.581 0.0000000000
120820  -51.382  -61.807  -6.837 0.0000000000
120821  -51.491  -61.461  -7.222 0.0000000000
120822  -51.603  -61.256  -7.592 0.0000000000
120823  -52.566  -60.701  -7.741 0.0000000000
120824  -52.163  -60.950  -7.904 0.0000000000
120825  -51.658  -61.097  -8.002 0.0000000000
120826  -51.678  -60.853  -8.505 0.0000000000
120827  -51.827  -60.501  -8.894 0.0000000000
120828  -51.964  -60.149  -9.248 0.0000000000
120968  -34.990  -59.317  -15.369 0.0000000000
120969  -34.738  -58.717  -15.430 0.0000000000
120970  -34.458  -58.130  -15.541 0.0000000000
120971  -35.826  -56.826  -16.618 0.0000000000
120972  -35.038  -57.103  -15.987 0.0000000000
120973  -34.163  -57.446  -15.627 0.0000000000
120974  -33.822  -56.785  -15.729 0.0000000000
120975  -33.509  -56.178  -15.866 0.0000000000
120976  -33.236  -55.471  -16.034 0.0000000000
120977  -32.919  -54.820  -16.184 0.0000000000
120978  -33.943  -54.476  -16.276 0.0000000000
120979  -34.533  -53.479  -16.819 0.0000000000
120980  -35.097  -52.577  -17.358 0.0000000000
120981  -36.049  -52.946  -17.812 0.0000000000
120982  -35.846  -52.305  -17.808 0.0000000000
120983  -35.619  -51.698  -17.816 0.0000000000
120984  -35.940  -50.912  -18.288 0.0000000000
120985  -36.300  -50.095  -18.834 0.0000000000
120986  -36.652  -49.341  -19.413 0.0000000000
127903  -55.891  -52.585  -11.865 0.0000000000
127904  -55.953  -53.410  -11.628 0.0000000000
127905  -55.948  -54.095  -11.515 0.0000000000
127906  -55.895  -54.857  -11.346 0.0000000000
127907  -55.752  -55.702  -11.228 0.0000000000
127908  -55.796  -55.342  -11.752 0.0000000000
127909  -55.597  -55.797  -12.140 0.0000000000
127910  -55.301  -56.245  -12.565 0.0000000000
127911  -55.559  -54.957  -13.234 0.0000000000
127912  -55.344  -55.775  -13.140 0.0000000000
127913  -54.955  -56.559  -12.944 0.0000000000
127914  -54.504  -56.730  -13.242 0.0000000000
127915  -53.980  -56.829  -13.482 0.0000000000
127916  -53.535  -56.792  -13.632 0.0000000000
127938  -52.499  -53.075  -17.371 0.0000000000
127939  -52.399  -53.667  -16.938 0.0000000000
127940  -51.784  -53.315  -16.570 0.0000000000
127941  -51.175  -53.427  -15.698 0.0000000000
127942  -50.485  -53.457  -14.719 0.0000000000
127943  -49.891  -52.636  -14.834 0.0000000000
127944  -49.913  -53.079  -14.319 0.0000000000
127945  -49.836  -53.530  -13.756 0.0000000000
127946  -49.102  -53.610  -12.848 0.0000000000
127947  -48.479  -53.693  -11.967 0.0000000000
127948  -47.850  -53.820  -11.118 0.0000000000
127949  -47.233  -54.000  -10.321 0.0000000000
127950  -47.222  -53.579  -10.798 0.0000000000
127951  -46.579  -53.354  -10.529 0.0000000000
127952  -45.927  -53.153  -10.183 0.0000000000
127953  -46.670  -52.554  -11.437 0.0000000000
127954  -45.995  -52.731  -10.645 0.0000000000
127955  -45.347  -52.986  -9.999 0.0000000000
127956  -44.681  -52.859  -9.856 0.0000000000
127957  -44.032  -52.764  -9.821 0.0000000000
127958  -43.373  -52.735  -9.866 0.0000000000
127959  -43.966  -47.938  -12.513 0.0000000000
127960  -43.683  -48.755  -12.228 0.0000000000
127961  -43.164  -48.675  -12.360 0.0000000000
127962  -42.464  -49.508  -12.446 0.0000000000
127963  -41.805  -50.423  -12.658 0.0000000000
127964  -41.775  -49.736  -13.321 0.0000000000
127965  -41.551  -50.549  -13.147 0.0000000000
127966  -41.257  -51.309  -12.877 0.0000000000
127967  -40.812  -52.244  -13.154 0.0000000000
127968  -40.601  -53.262  -13.526 0.0000000000
127969  -40.566  -54.368  -13.881 0.0000000000
127970  -40.644  -55.422  -14.242 0.0000000000
127971  -40.733  -54.600  -14.533 0.0000000000
127972  -40.969  -54.865  -15.221 0.0000000000
127973  -41.173  -55.074  -15.878 0.0000000000
127974  -41.089  -53.276  -15.674 0.0000000000
127975  -41.206  -54.295  -16.121 0.0000000000
127976  -41.448  -55.263  -16.542 0.0000000000
127977  -41.727  -55.457  -17.141 0.0000000000
127978  -41.993  -55.592  -17.773 0.0000000000
127979  -42.358  -55.742  -18.408 0.0000000000
127980  -42.632  -55.996  -18.850 0.0000000000
127981  -42.307  -55.008  -18.558 0.0000000000
127982  -42.115  -54.307  -18.689 0.0000000000
127983  -41.911  -53.661  -18.720 0.0000000000
127984  -41.471  -52.401  -17.579 0.0000000000
127985  -41.630  -52.759  -18.133 0.0000000000
127986  -41.697  -53.118  -18.635 0.0000000000
127987  -41.437  -52.416  -18.484 0.0000000000
127988  -41.120  -51.778  -18.275 0.0000000000
127989  -40.818  -51.216  -18.065 0.0000000000
127990  -41.992  -42.830  -16.975 0.0000000000
127991  -41.440  -43.636  -16.851 0.0000000000
127992  -41.551  -43.065  -17.224 0.0000000000
127993  -41.129  -43.350  -17.486 0.0000000000
127994  -40.754  -43.646  -17.729 0.0000000000
127996  -40.821  -43.051  -18.127 0.0000000000
127997  -40.361  -43.909  -18.052 0.0000000000
127998  -40.021  -44.307  -18.385 0.0000000000
127999  -39.669  -44.607  -18.699 0.0000000000
128000  -39.409  -45.087  -19.017 0.0000000000
128001  -39.160  -45.499  -19.343 0.0000000000
128002  -39.537  -44.379  -19.433 0.0000000000
128003  -39.709  -43.749  -19.893 0.0000000000
128004  -39.921  -43.184  -20.358 0.0000000000
130828  -36.551  -58.750  -16.632 0.0000000000
130829  -36.969  -57.907  -17.471 0.0000000000
130830  -37.793  -58.231  -18.191 0.0000000000
130831  -37.588  -57.671  -18.201 0.0000000000
130832  -37.312  -57.030  -18.117 0.0000000000
130833  -37.635  -56.252  -18.645 0.0000000000
130834  -37.940  -55.311  -19.120 0.0000000000
130835  -38.318  -54.505  -19.523 0.0000000000
137031  -45.611  -62.259  -5.971 0.0000000000
137062  -40.701  -60.394  -5.839 0.0000000000
137071  -39.860  -60.377  -7.742 0.0000000000
137074  -40.030  -60.703  -9.324 0.0000000000
137075  -40.146  -60.125  -9.629 0.0000000000
137076  -40.174  -59.660  -9.963 0.0000000000
137132  -49.764  -48.990  -16.381 0.0000000000
137133  -49.096  -49.425  -15.588 0.0000000000
137134  -48.552  -49.780  -14.889 0.0000000000
137135  -47.915  -50.173  -14.179 0.0000000000
137136  -48.036  -49.457  -14.531 0.0000000000
137137  -47.564  -49.092  -14.204 0.0000000000
137138  -47.104  -48.788  -13.847 0.0000000000
137139  -47.818  -47.667  -14.807 0.0000000000
137140  -47.235  -48.007  -14.142 0.0000000000
137141  -46.686  -48.445  -13.536 0.0000000000
137142  -46.236  -48.096  -13.262 0.0000000000
137143  -45.765  -47.835  -12.998 0.0000000000
137144  -45.236  -47.564  -12.887 0.0000000000
137147  -47.287  -45.360  -15.174 0.0000000000
137149  -46.792  -45.106  -14.958 0.0000000000
137150  -46.631  -45.842  -14.421 0.0000000000
137151  -46.024  -46.299  -13.735 0.0000000000
137152  -45.425  -46.839  -13.187 0.0000000000
137153  -44.699  -47.361  -12.818 0.0000000000
137154  -44.142  -47.189  -12.800 0.0000000000
137155  -43.587  -47.074  -12.923 0.0000000000
137156  -43.032  -47.078  -13.086 0.0000000000
137157  -43.973  -45.627  -13.578 0.0000000000
137158  -43.234  -46.308  -13.392 0.0000000000
137159  -42.557  -47.083  -13.356 0.0000000000
137160  -42.137  -47.186  -13.686 0.0000000000
137161  -41.761  -47.305  -13.999 0.0000000000
137162  -41.509  -47.529  -14.421 0.0000000000
137163  -41.252  -47.867  -14.817 0.0000000000
137164  -41.571  -46.788  -14.536 0.0000000000
137165  -41.661  -46.133  -14.752 0.0000000000
137166  -41.785  -45.454  -14.992 0.0000000000
137167  -42.815  -44.402  -14.862 0.0000000000
137168  -42.344  -44.609  -15.049 0.0000000000
137169  -41.923  -44.847  -15.265 0.0000000000
137170  -42.046  -44.284  -15.609 0.0000000000
137171  -42.150  -43.718  -15.990 0.0000000000
137172  -42.291  -43.206  -16.354 0.0000000000
137180  -42.950  -42.526  -16.634 0.0000000000
137181  -42.451  -42.661  -16.774 0.0000000000
143676  -47.323  -63.579  -5.396 0.0000000000
143677  -48.267  -63.224  -5.487 0.0000000000
143678  -47.737  -63.207  -5.507 0.0000000000
143679  -47.269  -63.235  -5.618 0.0000000000
143680  -47.238  -62.908  -5.844 0.0000000000
143681  -47.253  -62.624  -6.064 0.0000000000
143682  -47.236  -62.179  -6.244 0.0000000000
143683  -50.459  -62.241  -6.579 0.0000000000
143684  -49.955  -62.216  -6.581 0.0000000000
143685  -49.420  -62.086  -6.542 0.0000000000
143686  -49.977  -61.494  -7.215 0.0000000000
143687  -49.415  -61.718  -6.851 0.0000000000
143688  -48.887  -61.997  -6.498 0.0000000000
143689  -48.375  -61.940  -6.435 0.0000000000
143690  -47.768  -61.845  -6.443 0.0000000000
143691  -47.236  -61.714  -6.425 0.0000000000
143692  -47.275  -61.213  -6.602 0.0000000000
143693  -47.380  -60.732  -6.759 0.0000000000
143694  -47.461  -60.213  -6.969 0.0000000000
143695  -48.535  -60.135  -7.539 0.0000000000
143696  -48.121  -59.904  -7.411 0.0000000000
143697  -47.566  -59.686  -7.243 0.0000000000
143698  -47.660  -59.173  -7.522 0.0000000000
143699  -47.715  -58.790  -7.803 0.0000000000
143700  -47.757  -58.434  -8.100 0.0000000000
144072  -32.057  -59.975  -15.757 0.0000000000
144096  -32.615  -54.173  -16.324 0.0000000000
144097  -32.339  -53.619  -16.427 0.0000000000
144098  -32.056  -52.815  -16.540 0.0000000000
144099  -33.664  -51.536  -16.932 0.0000000000
144100  -32.699  -51.833  -16.659 0.0000000000
161938  -55.427  -52.015  -10.627 0.0000000000
161947  -54.396  -54.540  -8.991 0.0000000000
161948  -54.041  -54.940  -8.511 0.0000000000
161950  -53.791  -56.108  -8.031 0.0000000000
161951  -53.863  -56.910  -8.093 0.0000000000
161952  -53.772  -57.670  -8.092 0.0000000000
161953  -53.845  -58.064  -8.481 0.0000000000
161954  -53.864  -58.482  -8.698 0.0000000000
161955  -53.727  -58.920  -8.906 0.0000000000
161956  -54.315  -57.887  -9.636 0.0000000000
161957  -53.910  -58.604  -9.354 0.0000000000
161958  -53.437  -59.268  -9.140 0.0000000000
161959  -52.964  -59.558  -9.352 0.0000000000
161960  -52.592  -59.677  -9.526 0.0000000000
161961  -52.162  -59.722  -9.626 0.0000000000
161962  -55.416  -56.564  -11.143 0.0000000000
161963  -54.864  -57.355  -11.053 0.0000000000
161964  -54.245  -58.074  -10.997 0.0000000000
161965  -54.109  -57.980  -11.705 0.0000000000
161966  -53.872  -58.302  -11.253 0.0000000000
161967  -53.609  -58.558  -10.805 0.0000000000
161968  -53.059  -58.970  -10.476 0.0000000000
161969  -52.382  -59.285  -10.136 0.0000000000
161970  -51.696  -59.638  -9.722 0.0000000000
161971  -51.208  -59.429  -9.693 0.0000000000
161972  -50.686  -59.223  -9.696 0.0000000000
161973  -50.154  -58.993  -9.546 0.0000000000
161974  -50.961  -58.510  -10.646 0.0000000000
161975  -50.316  -58.637  -10.027 0.0000000000
161976  -49.630  -58.720  -9.334 0.0000000000
161977  -49.044  -58.452  -9.065 0.0000000000
161978  -48.483  -58.243  -8.802 0.0000000000
161979  -47.924  -58.044  -8.486 0.0000000000
162035  -55.391  -54.309  -15.764 0.0000000000
162036  -55.086  -54.969  -15.513 0.0000000000
162037  -54.743  -55.013  -16.598 0.0000000000
162038  -54.688  -55.262  -15.934 0.0000000000
162039  -54.622  -55.516  -15.271 0.0000000000
162040  -54.144  -56.027  -14.824 0.0000000000
162041  -53.538  -56.346  -14.313 0.0000000000
162042  -52.962  -56.653  -13.748 0.0000000000
162043  -52.308  -54.258  -16.444 0.0000000000
162044  -52.195  -54.784  -15.897 0.0000000000
162045  -52.160  -55.214  -15.354 0.0000000000
162046  -50.978  -54.857  -14.096 0.0000000000
162047  -51.612  -55.294  -14.484 0.0000000000
162048  -52.228  -55.632  -14.842 0.0000000000
162049  -52.299  -56.032  -14.322 0.0000000000
162050  -52.335  -56.439  -13.725 0.0000000000
162051  -52.236  -56.884  -13.154 0.0000000000
162052  -51.482  -57.040  -12.450 0.0000000000
162053  -50.791  -57.118  -11.675 0.0000000000
162054  -50.176  -57.207  -10.931 0.0000000000
162055  -49.655  -56.394  -10.921 0.0000000000
162056  -49.605  -56.863  -10.534 0.0000000000
162057  -49.492  -57.305  -10.167 0.0000000000
162058  -48.774  -57.430  -9.414 0.0000000000
162059  -48.077  -57.621  -8.769 0.0000000000
162060  -47.331  -57.826  -8.153 0.0000000000
162061  -46.759  -57.625  -7.858 0.0000000000
162062  -46.145  -57.430  -7.595 0.0000000000
162063  -45.560  -57.228  -7.295 0.0000000000
162064  -46.460  -56.377  -8.091 0.0000000000
162065  -45.714  -56.685  -7.559 0.0000000000
162066  -44.957  -57.073  -7.048 0.0000000000
162067  -44.327  -56.959  -6.831 0.0000000000
162068  -43.583  -56.914  -6.650 0.0000000000
162069  -42.874  -56.947  -6.659 0.0000000000
162070  -46.600  -54.301  -9.541 0.0000000000
162071  -45.960  -54.594  -8.872 0.0000000000
162072  -45.238  -54.923  -8.313 0.0000000000
162073  -44.507  -54.282  -8.510 0.0000000000
162074  -44.515  -54.786  -8.137 0.0000000000
162075  -44.509  -55.326  -7.800 0.0000000000
162076  -43.708  -55.837  -7.351 0.0000000000
162077  -42.961  -56.391  -7.033 0.0000000000
162078  -42.205  -57.015  -6.820 0.0000000000
162079  -41.603  -57.111  -7.047 0.0000000000
162080  -41.034  -57.338  -7.395 0.0000000000
162081  -40.622  -57.626  -7.844 0.0000000000
162082  -41.116  -56.218  -8.148 0.0000000000
162083  -40.681  -57.031  -8.227 0.0000000000
162084  -40.320  -57.981  -8.400 0.0000000000
162085  -40.206  -58.341  -9.013 0.0000000000
162086  -40.157  -58.723  -9.623 0.0000000000
162087  -40.156  -59.083  -10.311 0.0000000000
162088  -47.240  -50.547  -13.428 0.0000000000
162089  -46.532  -50.898  -12.683 0.0000000000
162090  -45.792  -51.215  -11.981 0.0000000000
162091  -45.500  -50.322  -12.203 0.0000000000
162092  -45.270  -50.987  -11.753 0.0000000000
162093  -45.108  -51.520  -11.289 0.0000000000
162094  -44.330  -51.837  -10.720 0.0000000000
162095  -43.542  -52.239  -10.316 0.0000000000
162096  -42.739  -52.734  -10.001 0.0000000000
162097  -43.424  -49.509  -11.980 0.0000000000
162098  -43.119  -50.292  -11.705 0.0000000000
162099  -42.815  -50.989  -11.380 0.0000000000
162100  -41.578  -51.682  -11.650 0.0000000000
162101  -41.999  -51.609  -11.301 0.0000000000
162102  -42.518  -51.638  -11.035 0.0000000000
162103  -42.313  -52.205  -10.632 0.0000000000
162104  -42.164  -52.773  -10.235 0.0000000000
162105  -42.000  -53.310  -9.789 0.0000000000
162106  -41.394  -53.997  -9.748 0.0000000000
162107  -40.871  -54.779  -9.830 0.0000000000
162108  -40.450  -55.684  -9.912 0.0000000000
162109  -40.251  -55.420  -10.896 0.0000000000
162110  -40.179  -56.002  -10.520 0.0000000000
162111  -40.169  -56.575  -10.112 0.0000000000
162112  -40.060  -57.516  -10.400 0.0000000000
162113  -40.091  -58.475  -10.663 0.0000000000
162114  -40.178  -59.421  -10.967 0.0000000000
162115  -40.384  -59.902  -11.627 0.0000000000
162116  -40.610  -60.306  -12.195 0.0000000000
162117  -40.831  -60.683  -12.870 0.0000000000
162118  -40.489  -59.131  -13.125 0.0000000000
162119  -40.814  -60.053  -13.316 0.0000000000
162124  -40.732  -56.435  -14.621 0.0000000000
162125  -40.925  -57.444  -14.963 0.0000000000
162126  -41.188  -58.454  -15.240 0.0000000000
162127  -41.665  -57.892  -16.306 0.0000000000
162128  -41.595  -58.666  -15.883 0.0000000000
162129  -41.556  -59.297  -15.507 0.0000000000
162130  -41.988  -60.166  -15.639 0.0000000000
162149  -41.321  -59.184  -19.906 0.0000000000
162150  -40.841  -58.586  -19.927 0.0000000000
162151  -42.740  -56.210  -19.322 0.0000000000
162152  -42.782  -56.536  -19.733 0.0000000000
162153  -42.650  -56.824  -20.037 0.0000000000
162154  -42.227  -55.130  -19.839 0.0000000000
162155  -42.332  -56.142  -20.086 0.0000000000
162156  -42.252  -57.145  -20.243 0.0000000000
162157  -41.762  -57.289  -20.273 0.0000000000
162158  -41.133  -57.626  -20.169 0.0000000000
162159  -40.429  -57.945  -19.942 0.0000000000
162160  -40.124  -57.370  -19.872 0.0000000000
162161  -39.848  -56.745  -19.849 0.0000000000
162162  -39.590  -56.082  -19.876 0.0000000000
162163  -40.480  -54.810  -20.308 0.0000000000
162164  -39.919  -55.107  -20.127 0.0000000000
162165  -39.342  -55.484  -19.913 0.0000000000
162166  -39.110  -54.840  -19.910 0.0000000000
162167  -38.890  -54.167  -19.883 0.0000000000
162168  -38.674  -53.476  -19.835 0.0000000000
162169  -41.114  -48.230  -15.261 0.0000000000
162170  -41.017  -48.566  -15.716 0.0000000000
162171  -40.915  -48.941  -16.152 0.0000000000
162172  -40.866  -47.200  -15.823 0.0000000000
162173  -40.777  -48.275  -16.163 0.0000000000
162174  -40.803  -49.282  -16.620 0.0000000000
162175  -40.769  -49.711  -17.036 0.0000000000
162176  -40.657  -50.169  -17.482 0.0000000000
162177  -40.549  -50.641  -17.895 0.0000000000
162178  -40.961  -44.522  -16.776 0.0000000000
162179  -40.546  -45.533  -16.777 0.0000000000
162180  -40.221  -46.590  -16.863 0.0000000000
162181  -39.912  -46.350  -17.409 0.0000000000
162182  -39.989  -47.066  -17.176 0.0000000000
162183  -40.118  -47.696  -17.057 0.0000000000
162184  -40.158  -48.846  -17.380 0.0000000000
162185  -40.297  -49.988  -17.827 0.0000000000
162186  -40.484  -50.959  -18.354 0.0000000000
162187  -40.364  -51.232  -18.821 0.0000000000
162188  -40.239  -51.598  -19.290 0.0000000000
162189  -40.133  -51.855  -19.777 0.0000000000
162190  -39.699  -50.295  -19.134 0.0000000000
162191  -39.856  -51.250  -19.721 0.0000000000
162192  -39.845  -52.077  -20.028 0.0000000000
162193  -39.447  -52.332  -20.188 0.0000000000
162194  -38.957  -52.624  -20.046 0.0000000000
162195  -38.460  -52.817  -19.801 0.0000000000
162196  -38.229  -52.179  -19.767 0.0000000000
162197  -37.997  -51.585  -19.740 0.0000000000
162198  -37.764  -51.005  -19.761 0.0000000000
162199  -38.441  -49.671  -20.096 0.0000000000
162200  -38.017  -50.081  -20.026 0.0000000000
162201  -37.529  -50.432  -19.760 0.0000000000
162202  -37.303  -49.834  -19.770 0.0000000000
162203  -37.092  -49.144  -19.881 0.0000000000
162204  -36.946  -48.542  -19.950 0.0000000000
162205  -38.993  -45.893  -19.727 0.0000000000
162206  -38.832  -46.230  -20.107 0.0000000000
162207  -38.601  -46.625  -20.462 0.0000000000
162208  -39.161  -44.979  -20.944 0.0000000000
162209  -38.701  -45.973  -20.886 0.0000000000
162210  -38.400  -47.012  -20.727 0.0000000000
162211  -37.955  -47.323  -20.767 0.0000000000
162212  -37.379  -47.758  -20.483 0.0000000000
162213  -36.831  -47.953  -20.033 0.0000000000
162214  -36.718  -47.313  -20.165 0.0000000000
162215  -36.592  -46.674  -20.344 0.0000000000
162216  -36.519  -46.070  -20.557 0.0000000000
162217  -37.770  -44.860  -21.792 0.0000000000
162218  -37.119  -45.277  -21.282 0.0000000000
162219  -36.496  -45.510  -20.802 0.0000000000
