#!ascii label  , from subject fsaverage vox2ras=TkReg coords=white
696
154  -47.193  -58.258  -7.840 0.0000000000
620  -48.455  -50.488  -14.558 0.0000000000
1376  -46.712  -62.041  -6.230 0.0000000000
1378  -41.747  -61.583  -5.265 0.0000000000
1380  -42.094  -57.587  -6.461 0.0000000000
1764  -51.550  -60.032  -9.315 0.0000000000
2492  -55.776  -55.202  -10.884 0.0000000000
2493  -52.865  -57.097  -13.182 0.0000000000
2495  -53.122  -53.445  -17.646 0.0000000000
2496  -47.823  -54.231  -10.641 0.0000000000
2497  -42.604  -53.221  -9.537 0.0000000000
3296  -46.952  -59.994  -6.865 0.0000000000
3297  -44.359  -61.403  -5.754 0.0000000000
3298  -44.433  -59.409  -5.961 0.0000000000
3299  -41.840  -59.505  -5.564 0.0000000000
3300  -44.781  -57.653  -6.710 0.0000000000
3899  -51.126  -61.323  -7.644 0.0000000000
3900  -53.254  -59.685  -8.730 0.0000000000
5586  -55.675  -53.826  -12.979 0.0000000000
5587  -54.818  -57.032  -12.408 0.0000000000
5588  -55.107  -55.284  -14.831 0.0000000000
5594  -50.693  -51.868  -16.160 0.0000000000
5595  -50.433  -53.913  -14.203 0.0000000000
5596  -47.948  -52.618  -12.574 0.0000000000
5597  -45.276  -53.441  -9.528 0.0000000000
5598  -45.692  -51.719  -11.449 0.0000000000
7084  -46.825  -63.573  -5.542 0.0000000000
7086  -44.618  -63.390  -5.575 0.0000000000
7091  -39.999  -60.579  -6.919 0.0000000000
7092  -40.286  -58.579  -8.062 0.0000000000
7954  -48.844  -62.313  -6.256 0.0000000000
7955  -49.019  -60.706  -7.353 0.0000000000
7956  -49.460  -59.059  -8.888 0.0000000000
10031  -54.675  -53.338  -9.565 0.0000000000
10032  -54.658  -56.653  -9.383 0.0000000000
10033  -53.975  -58.357  -10.586 0.0000000000
10034  -52.206  -58.647  -11.195 0.0000000000
10035  -50.061  -57.583  -10.540 0.0000000000
10042  -52.801  -55.531  -15.615 0.0000000000
10043  -50.316  -55.836  -12.175 0.0000000000
10044  -47.742  -56.340  -9.010 0.0000000000
10045  -45.214  -55.444  -7.965 0.0000000000
10046  -42.390  -55.345  -7.917 0.0000000000
10047  -40.416  -56.239  -9.532 0.0000000000
10976  -47.066  -59.011  -7.260 0.0000000000
10977  -45.694  -59.631  -6.431 0.0000000000
10978  -45.797  -58.747  -6.768 0.0000000000
10979  -44.519  -58.511  -6.260 0.0000000000
10980  -45.987  -57.924  -7.261 0.0000000000
11579  -53.036  -60.230  -7.884 0.0000000000
11580  -53.623  -58.889  -8.272 0.0000000000
13267  -55.514  -54.564  -13.851 0.0000000000
13272  -49.731  -49.748  -16.028 0.0000000000
13273  -50.881  -50.466  -16.968 0.0000000000
13274  -49.568  -51.097  -15.315 0.0000000000
13275  -49.273  -52.316  -14.375 0.0000000000
13276  -48.109  -51.668  -13.588 0.0000000000
13277  -46.785  -52.152  -11.901 0.0000000000
13278  -47.043  -51.176  -12.954 0.0000000000
15646  -46.706  -62.877  -5.866 0.0000000000
15647  -45.845  -63.512  -5.673 0.0000000000
15648  -45.669  -62.747  -5.891 0.0000000000
15649  -43.017  -61.379  -5.373 0.0000000000
15650  -43.135  -62.303  -5.299 0.0000000000
15656  -42.003  -58.557  -5.946 0.0000000000
15657  -40.766  -59.894  -5.982 0.0000000000
15658  -40.834  -58.932  -6.447 0.0000000000
15659  -40.165  -59.537  -7.453 0.0000000000
15660  -40.947  -57.965  -7.027 0.0000000000
17454  -48.798  -62.953  -5.726 0.0000000000
17455  -49.894  -62.518  -6.260 0.0000000000
17456  -51.219  -60.757  -8.457 0.0000000000
17457  -50.050  -61.133  -7.543 0.0000000000
17458  -50.263  -60.383  -8.262 0.0000000000
17459  -49.187  -59.913  -8.176 0.0000000000
17460  -50.490  -59.625  -9.197 0.0000000000
22512  -55.831  -53.682  -11.129 0.0000000000
22514  -55.327  -54.271  -10.155 0.0000000000
22515  -54.745  -55.034  -9.329 0.0000000000
22516  -55.361  -55.927  -10.167 0.0000000000
22517  -54.536  -57.606  -10.113 0.0000000000
22518  -55.145  -56.907  -10.783 0.0000000000
22519  -53.872  -57.312  -12.907 0.0000000000
22520  -53.650  -58.199  -11.980 0.0000000000
22521  -52.591  -57.929  -12.188 0.0000000000
22522  -51.173  -58.226  -11.086 0.0000000000
22523  -51.397  -57.470  -11.967 0.0000000000
22539  -54.292  -53.988  -17.902 0.0000000000
22540  -54.188  -55.165  -16.800 0.0000000000
22541  -52.922  -54.666  -16.762 0.0000000000
22542  -49.080  -54.052  -12.343 0.0000000000
22543  -50.353  -54.968  -13.172 0.0000000000
22544  -49.080  -55.006  -11.368 0.0000000000
22545  -49.048  -56.033  -10.487 0.0000000000
22546  -47.831  -55.307  -9.724 0.0000000000
22547  -46.543  -55.846  -8.381 0.0000000000
22548  -46.611  -54.790  -9.104 0.0000000000
22549  -43.903  -53.218  -9.366 0.0000000000
22550  -43.788  -54.211  -8.473 0.0000000000
22551  -42.447  -54.283  -8.683 0.0000000000
22552  -41.156  -55.688  -8.522 0.0000000000
22553  -41.309  -54.557  -9.355 0.0000000000
24364  -46.805  -61.080  -6.517 0.0000000000
24365  -45.578  -61.715  -6.075 0.0000000000
24366  -45.600  -60.651  -6.280 0.0000000000
24367  -44.354  -60.401  -5.831 0.0000000000
24368  -43.012  -60.377  -5.436 0.0000000000
24369  -41.779  -60.535  -5.389 0.0000000000
24370  -43.125  -59.388  -5.613 0.0000000000
24371  -43.317  -58.387  -5.924 0.0000000000
24372  -43.473  -57.481  -6.353 0.0000000000
25449  -50.985  -61.846  -6.918 0.0000000000
25450  -52.057  -61.094  -7.478 0.0000000000
25451  -52.249  -60.786  -8.372 0.0000000000
25452  -52.374  -60.133  -9.158 0.0000000000
28486  -55.914  -54.529  -11.877 0.0000000000
28487  -55.564  -56.180  -11.571 0.0000000000
28488  -55.632  -55.389  -12.713 0.0000000000
28489  -55.031  -56.031  -13.554 0.0000000000
28490  -54.104  -56.380  -14.100 0.0000000000
28500  -51.822  -52.730  -17.017 0.0000000000
28501  -51.763  -53.867  -16.101 0.0000000000
28502  -50.525  -53.019  -15.256 0.0000000000
28503  -49.216  -53.173  -13.362 0.0000000000
28504  -47.868  -53.407  -11.613 0.0000000000
28505  -46.594  -53.797  -10.035 0.0000000000
28506  -46.585  -52.945  -10.942 0.0000000000
28507  -45.434  -52.572  -10.453 0.0000000000
28508  -44.174  -52.318  -10.247 0.0000000000
31888  -46.914  -64.242  -5.271 0.0000000000
31893  -44.454  -62.388  -5.666 0.0000000000
31903  -40.644  -60.931  -5.758 0.0000000000
31907  -39.942  -60.313  -8.671 0.0000000000
31908  -40.146  -59.260  -9.305 0.0000000000
31930  -48.616  -49.046  -15.176 0.0000000000
31931  -47.429  -49.842  -13.854 0.0000000000
34203  -47.719  -64.205  -5.083 0.0000000000
34204  -47.751  -63.518  -5.335 0.0000000000
34205  -47.743  -62.899  -5.770 0.0000000000
34206  -47.795  -62.255  -6.229 0.0000000000
34207  -49.984  -61.848  -6.909 0.0000000000
34208  -48.899  -61.601  -6.771 0.0000000000
34209  -47.797  -61.353  -6.664 0.0000000000
34210  -47.986  -60.394  -7.089 0.0000000000
34211  -48.228  -59.443  -7.748 0.0000000000
34212  -48.329  -58.642  -8.430 0.0000000000
40331  -54.061  -55.764  -8.474 0.0000000000
40332  -54.093  -57.293  -8.564 0.0000000000
40333  -54.084  -58.183  -9.124 0.0000000000
40334  -53.566  -58.944  -9.597 0.0000000000
40335  -52.841  -59.249  -9.941 0.0000000000
40336  -54.485  -57.726  -11.420 0.0000000000
40337  -53.229  -58.714  -10.956 0.0000000000
40338  -51.875  -59.281  -10.242 0.0000000000
40339  -50.815  -58.847  -10.174 0.0000000000
40340  -49.768  -58.341  -9.816 0.0000000000
40341  -48.626  -57.854  -9.122 0.0000000000
40360  -55.160  -54.728  -16.200 0.0000000000
40361  -54.111  -55.695  -15.517 0.0000000000
40362  -52.958  -56.274  -14.379 0.0000000000
40363  -51.566  -54.818  -15.008 0.0000000000
40364  -51.653  -55.715  -13.947 0.0000000000
40365  -51.585  -56.617  -12.939 0.0000000000
40366  -50.241  -56.731  -11.323 0.0000000000
40367  -48.933  -56.990  -9.792 0.0000000000
40368  -47.474  -57.362  -8.430 0.0000000000
40369  -46.324  -56.895  -7.834 0.0000000000
40370  -45.095  -56.538  -7.315 0.0000000000
40371  -43.652  -56.373  -7.002 0.0000000000
40372  -45.303  -54.437  -8.687 0.0000000000
40373  -43.788  -55.307  -7.711 0.0000000000
40374  -42.292  -56.438  -7.177 0.0000000000
40375  -41.058  -56.755  -7.777 0.0000000000
40376  -40.353  -57.389  -8.781 0.0000000000
41696  -47.133  -58.636  -7.535 0.0000000000
41697  -46.434  -58.902  -7.016 0.0000000000
41698  -46.494  -58.491  -7.273 0.0000000000
41699  -45.885  -58.342  -7.001 0.0000000000
41700  -46.611  -58.097  -7.544 0.0000000000
42299  -53.452  -59.143  -7.849 0.0000000000
42300  -53.602  -58.425  -7.998 0.0000000000
43992  -49.080  -50.080  -15.269 0.0000000000
43993  -49.669  -50.436  -15.673 0.0000000000
43994  -48.984  -50.766  -14.933 0.0000000000
43995  -48.833  -51.427  -14.470 0.0000000000
43996  -48.279  -51.113  -14.114 0.0000000000
43997  -47.582  -51.499  -13.268 0.0000000000
43998  -47.735  -50.854  -13.778 0.0000000000
46366  -46.708  -62.473  -6.049 0.0000000000
46367  -46.242  -62.823  -5.895 0.0000000000
46368  -46.197  -62.403  -6.033 0.0000000000
46369  -42.352  -61.426  -5.260 0.0000000000
46376  -42.041  -58.052  -6.181 0.0000000000
46377  -41.399  -58.698  -6.128 0.0000000000
46378  -41.454  -58.225  -6.350 0.0000000000
46379  -40.861  -58.437  -6.733 0.0000000000
46380  -41.501  -57.748  -6.627 0.0000000000
48174  -49.846  -62.832  -5.941 0.0000000000
48175  -50.373  -62.540  -6.218 0.0000000000
48176  -51.381  -60.396  -8.900 0.0000000000
48177  -50.707  -60.590  -8.361 0.0000000000
48178  -50.873  -60.182  -8.791 0.0000000000
48179  -50.367  -59.989  -8.745 0.0000000000
48180  -51.016  -59.828  -9.216 0.0000000000
53232  -55.809  -54.414  -10.977 0.0000000000
53233  -55.609  -53.976  -10.631 0.0000000000
53234  -55.613  -54.744  -10.496 0.0000000000
53235  -55.402  -55.103  -10.138 0.0000000000
53236  -55.583  -55.551  -10.499 0.0000000000
53237  -55.324  -56.402  -10.479 0.0000000000
53238  -55.604  -56.053  -10.822 0.0000000000
53239  -53.365  -57.292  -13.067 0.0000000000
53240  -53.274  -57.769  -12.564 0.0000000000
53241  -52.707  -57.539  -12.630 0.0000000000
53242  -51.982  -57.681  -12.121 0.0000000000
53243  -52.114  -57.285  -12.633 0.0000000000
53259  -53.719  -53.797  -17.892 0.0000000000
53260  -53.637  -54.446  -17.382 0.0000000000
53261  -53.022  -54.116  -17.188 0.0000000000
53262  -48.474  -54.147  -11.453 0.0000000000
53263  -49.074  -54.511  -11.868 0.0000000000
53264  -48.458  -54.604  -10.975 0.0000000000
53265  -48.459  -55.120  -10.515 0.0000000000
53266  -47.825  -54.759  -10.193 0.0000000000
53267  -47.231  -55.057  -9.446 0.0000000000
53268  -47.236  -54.513  -9.888 0.0000000000
53269  -43.264  -53.194  -9.404 0.0000000000
53270  -43.178  -53.702  -8.973 0.0000000000
53271  -42.507  -53.757  -9.101 0.0000000000
53272  -41.838  -54.367  -8.966 0.0000000000
53273  -41.904  -53.836  -9.380 0.0000000000
55966  -46.893  -60.551  -6.677 0.0000000000
55967  -46.192  -60.855  -6.403 0.0000000000
55968  -46.254  -60.313  -6.539 0.0000000000
55969  -45.014  -59.505  -6.168 0.0000000000
55970  -45.068  -60.008  -6.125 0.0000000000
55971  -44.404  -59.879  -5.837 0.0000000000
55972  -43.697  -60.390  -5.620 0.0000000000
55973  -43.748  -59.863  -5.676 0.0000000000
55974  -43.076  -59.874  -5.504 0.0000000000
55975  -43.792  -59.365  -5.778 0.0000000000
55976  -44.644  -58.104  -6.466 0.0000000000
55977  -43.953  -58.436  -6.047 0.0000000000
55978  -44.066  -58.011  -6.255 0.0000000000
55979  -43.358  -57.968  -6.123 0.0000000000
55980  -44.157  -57.563  -6.476 0.0000000000
57775  -52.384  -60.913  -7.304 0.0000000000
57776  -53.147  -59.981  -8.336 0.0000000000
57777  -52.685  -60.540  -8.170 0.0000000000
57778  -52.733  -60.298  -8.598 0.0000000000
57779  -52.276  -60.521  -8.830 0.0000000000
57780  -52.715  -59.983  -8.997 0.0000000000
62834  -55.786  -53.414  -12.566 0.0000000000
62835  -55.936  -53.777  -12.033 0.0000000000
62836  -55.812  -54.230  -12.437 0.0000000000
62837  -55.767  -55.006  -12.320 0.0000000000
62838  -55.687  -54.635  -12.870 0.0000000000
62839  -55.324  -54.942  -14.337 0.0000000000
62840  -55.351  -55.353  -13.698 0.0000000000
62841  -55.055  -55.595  -14.154 0.0000000000
62842  -54.640  -56.235  -13.881 0.0000000000
62843  -54.662  -55.778  -14.513 0.0000000000
62855  -50.819  -51.244  -16.550 0.0000000000
62857  -51.373  -51.667  -16.965 0.0000000000
62858  -51.920  -52.061  -17.391 0.0000000000
62859  -51.244  -52.320  -16.571 0.0000000000
62860  -51.182  -52.919  -16.149 0.0000000000
62861  -50.585  -52.478  -15.707 0.0000000000
62862  -48.561  -52.505  -13.397 0.0000000000
62863  -49.240  -52.779  -13.846 0.0000000000
62864  -48.533  -52.906  -12.935 0.0000000000
62865  -48.519  -53.281  -12.458 0.0000000000
62866  -47.878  -53.012  -12.076 0.0000000000
62867  -47.237  -53.174  -11.262 0.0000000000
62868  -47.244  -52.778  -11.738 0.0000000000
62869  -46.230  -51.923  -11.621 0.0000000000
62870  -46.104  -52.315  -11.124 0.0000000000
62871  -45.602  -52.197  -10.883 0.0000000000
62872  -44.796  -52.427  -10.293 0.0000000000
62873  -44.948  -51.981  -10.786 0.0000000000
69976  -46.846  -63.900  -5.380 0.0000000000
69978  -46.378  -63.955  -5.512 0.0000000000
69979  -45.253  -63.453  -5.668 0.0000000000
69980  -45.371  -63.911  -5.626 0.0000000000
69981  -44.777  -63.849  -5.572 0.0000000000
69984  -44.975  -61.559  -5.940 0.0000000000
69985  -44.996  -62.094  -5.882 0.0000000000
69986  -44.370  -61.877  -5.678 0.0000000000
70006  -41.801  -60.044  -5.492 0.0000000000
70007  -41.178  -60.736  -5.561 0.0000000000
70008  -41.217  -60.195  -5.610 0.0000000000
70009  -40.344  -60.209  -6.413 0.0000000000
70015  -39.769  -60.914  -7.492 0.0000000000
70016  -40.245  -59.053  -7.751 0.0000000000
70017  -39.978  -59.894  -8.032 0.0000000000
70018  -40.093  -59.423  -8.334 0.0000000000
70019  -40.062  -59.802  -8.979 0.0000000000
70020  -40.168  -58.936  -8.657 0.0000000000
70067  -48.128  -48.729  -14.830 0.0000000000
75399  -47.746  -63.852  -5.200 0.0000000000
75400  -48.257  -63.572  -5.309 0.0000000000
75401  -48.806  -62.597  -5.988 0.0000000000
75402  -48.239  -62.854  -5.740 0.0000000000
75403  -48.283  -62.600  -5.992 0.0000000000
75404  -47.768  -62.599  -6.013 0.0000000000
75405  -48.330  -62.288  -6.221 0.0000000000
75406  -51.053  -61.553  -7.285 0.0000000000
75407  -50.521  -61.900  -6.929 0.0000000000
75408  -50.530  -61.554  -7.286 0.0000000000
75409  -49.557  -60.929  -7.439 0.0000000000
75410  -49.441  -61.330  -7.142 0.0000000000
75411  -48.937  -61.159  -7.024 0.0000000000
75412  -48.357  -61.456  -6.720 0.0000000000
75413  -48.390  -61.017  -6.969 0.0000000000
75414  -47.853  -60.879  -6.869 0.0000000000
75415  -48.472  -60.562  -7.243 0.0000000000
75416  -49.332  -59.419  -8.515 0.0000000000
75417  -48.716  -59.661  -7.914 0.0000000000
75418  -48.827  -59.220  -8.293 0.0000000000
75419  -48.259  -59.014  -8.077 0.0000000000
75420  -48.919  -58.829  -8.682 0.0000000000
90575  -55.035  -53.019  -10.010 0.0000000000
90582  -54.715  -55.848  -9.320 0.0000000000
90583  -54.344  -55.440  -8.937 0.0000000000
90584  -54.395  -56.179  -8.953 0.0000000000
90585  -54.138  -56.544  -8.512 0.0000000000
90586  -54.389  -56.953  -8.981 0.0000000000
90587  -54.171  -57.698  -8.914 0.0000000000
90588  -54.468  -57.381  -9.457 0.0000000000
90589  -54.296  -58.038  -10.337 0.0000000000
90590  -54.072  -58.310  -9.894 0.0000000000
90591  -53.759  -58.643  -10.137 0.0000000000
90592  -53.202  -59.174  -9.758 0.0000000000
90593  -53.419  -58.847  -10.301 0.0000000000
90594  -55.219  -56.659  -12.037 0.0000000000
90595  -55.096  -57.015  -11.540 0.0000000000
90596  -54.659  -57.384  -11.897 0.0000000000
90597  -52.961  -58.531  -11.621 0.0000000000
90598  -53.435  -58.502  -11.476 0.0000000000
90599  -52.775  -58.737  -11.106 0.0000000000
90600  -52.607  -58.964  -10.660 0.0000000000
90601  -52.093  -58.910  -10.736 0.0000000000
90602  -51.375  -59.073  -10.230 0.0000000000
90603  -51.522  -58.737  -10.681 0.0000000000
90604  -50.578  -57.907  -10.851 0.0000000000
90605  -50.482  -58.292  -10.490 0.0000000000
90606  -49.931  -57.948  -10.195 0.0000000000
90607  -49.187  -58.056  -9.491 0.0000000000
90608  -49.354  -57.644  -9.878 0.0000000000
90656  -55.243  -54.352  -16.838 0.0000000000
90657  -53.488  -55.377  -16.243 0.0000000000
90658  -54.157  -55.415  -16.156 0.0000000000
90659  -53.501  -55.690  -15.632 0.0000000000
90660  -53.508  -55.973  -15.008 0.0000000000
90661  -52.849  -55.888  -15.034 0.0000000000
90662  -51.096  -53.881  -15.151 0.0000000000
90663  -51.658  -54.318  -15.539 0.0000000000
90664  -51.062  -54.365  -14.680 0.0000000000
90665  -50.352  -55.388  -12.630 0.0000000000
90666  -50.998  -55.335  -13.534 0.0000000000
90667  -50.972  -55.797  -13.030 0.0000000000
90668  -51.665  -56.140  -13.456 0.0000000000
90669  -50.914  -56.238  -12.574 0.0000000000
90670  -50.871  -56.674  -12.123 0.0000000000
90671  -50.269  -56.326  -11.734 0.0000000000
90672  -48.413  -56.180  -9.720 0.0000000000
90673  -49.010  -56.517  -10.124 0.0000000000
90674  -48.338  -56.658  -9.409 0.0000000000
90675  -48.220  -57.152  -9.075 0.0000000000
90676  -47.628  -56.882  -8.711 0.0000000000
90677  -46.886  -57.127  -8.138 0.0000000000
90678  -47.070  -56.627  -8.427 0.0000000000
90679  -45.905  -55.609  -8.150 0.0000000000
90680  -45.808  -56.144  -7.835 0.0000000000
90681  -45.158  -55.983  -7.618 0.0000000000
90682  -44.398  -56.409  -7.134 0.0000000000
90683  -44.450  -55.877  -7.438 0.0000000000
90684  -45.951  -53.617  -9.762 0.0000000000
90685  -45.955  -54.092  -9.282 0.0000000000
90686  -45.263  -53.913  -9.059 0.0000000000
90687  -43.075  -54.763  -8.166 0.0000000000
90688  -43.788  -54.737  -8.093 0.0000000000
90689  -43.073  -55.306  -7.765 0.0000000000
90690  -43.016  -55.826  -7.388 0.0000000000
90691  -42.334  -55.860  -7.535 0.0000000000
90692  -41.614  -56.544  -7.389 0.0000000000
90693  -41.675  -56.000  -7.774 0.0000000000
90694  -40.746  -55.932  -9.001 0.0000000000
90695  -40.708  -56.480  -8.618 0.0000000000
90696  -40.395  -56.806  -9.159 0.0000000000
90697  -40.189  -57.736  -9.367 0.0000000000
90698  -40.183  -57.168  -9.735 0.0000000000
90700  -46.718  -50.270  -13.109 0.0000000000
93484  -47.003  -59.462  -7.033 0.0000000000
93485  -46.322  -59.802  -6.650 0.0000000000
93486  -46.374  -59.335  -6.804 0.0000000000
93487  -45.756  -59.187  -6.571 0.0000000000
93488  -45.125  -59.032  -6.320 0.0000000000
93489  -44.497  -58.948  -6.100 0.0000000000
93490  -45.198  -58.607  -6.518 0.0000000000
93491  -45.280  -58.194  -6.747 0.0000000000
93492  -45.386  -57.758  -6.975 0.0000000000
94569  -52.824  -60.449  -7.461 0.0000000000
94570  -53.201  -59.862  -7.659 0.0000000000
94571  -53.371  -59.578  -8.085 0.0000000000
94572  -53.541  -59.314  -8.482 0.0000000000
97607  -55.609  -54.186  -13.378 0.0000000000
97609  -55.455  -54.203  -14.569 0.0000000000
97610  -55.288  -54.541  -15.041 0.0000000000
97618  -50.306  -50.080  -16.496 0.0000000000
97619  -50.200  -50.805  -16.109 0.0000000000
97620  -50.104  -51.464  -15.736 0.0000000000
97621  -49.952  -52.094  -15.288 0.0000000000
97622  -49.353  -51.756  -14.860 0.0000000000
97623  -48.667  -52.002  -13.918 0.0000000000
97624  -47.985  -52.207  -13.063 0.0000000000
97625  -47.345  -52.379  -12.241 0.0000000000
97626  -47.443  -51.967  -12.755 0.0000000000
97627  -46.893  -51.678  -12.428 0.0000000000
97628  -46.320  -51.425  -12.212 0.0000000000
101890  -46.772  -63.221  -5.737 0.0000000000
101891  -46.354  -63.584  -5.676 0.0000000000
101892  -46.301  -63.187  -5.780 0.0000000000
101893  -45.753  -63.105  -5.777 0.0000000000
101894  -45.131  -63.034  -5.746 0.0000000000
101895  -43.682  -61.375  -5.536 0.0000000000
101896  -43.725  -61.848  -5.471 0.0000000000
101897  -43.054  -61.832  -5.338 0.0000000000
101908  -41.922  -59.037  -5.747 0.0000000000
101909  -41.252  -59.704  -5.736 0.0000000000
101910  -41.316  -59.217  -5.910 0.0000000000
101911  -40.805  -59.422  -6.199 0.0000000000
101912  -40.404  -59.714  -6.644 0.0000000000
101913  -40.075  -60.045  -7.172 0.0000000000
101914  -40.460  -59.254  -6.884 0.0000000000
101915  -40.522  -58.757  -7.200 0.0000000000
101916  -40.558  -58.256  -7.512 0.0000000000
105146  -49.333  -62.715  -5.988 0.0000000000
105147  -49.363  -62.382  -6.258 0.0000000000
105148  -51.129  -61.091  -8.016 0.0000000000
105149  -50.586  -61.296  -7.595 0.0000000000
105150  -50.631  -60.955  -7.968 0.0000000000
105151  -50.131  -60.744  -7.905 0.0000000000
105152  -49.623  -60.510  -7.784 0.0000000000
105153  -49.088  -60.298  -7.718 0.0000000000
105154  -49.722  -60.136  -8.236 0.0000000000
105155  -49.823  -59.740  -8.739 0.0000000000
105156  -49.964  -59.365  -9.102 0.0000000000
114248  -55.822  -52.936  -11.305 0.0000000000
114250  -55.618  -53.203  -10.780 0.0000000000
114251  -55.330  -53.491  -10.314 0.0000000000
114252  -54.991  -53.820  -9.868 0.0000000000
114253  -54.691  -54.186  -9.420 0.0000000000
114254  -55.044  -54.647  -9.722 0.0000000000
114255  -55.098  -55.482  -9.734 0.0000000000
114256  -54.972  -56.309  -9.761 0.0000000000
114257  -54.706  -57.111  -9.812 0.0000000000
114258  -55.075  -56.842  -10.183 0.0000000000
114259  -54.843  -57.295  -10.458 0.0000000000
114260  -54.579  -57.741  -10.712 0.0000000000
114261  -54.338  -57.236  -12.635 0.0000000000
114262  -54.230  -57.629  -12.165 0.0000000000
114263  -53.775  -57.790  -12.401 0.0000000000
114264  -53.152  -58.162  -12.117 0.0000000000
114265  -52.403  -58.304  -11.680 0.0000000000
114266  -51.700  -58.437  -11.153 0.0000000000
114267  -51.834  -58.064  -11.641 0.0000000000
114268  -51.320  -57.905  -11.542 0.0000000000
114269  -50.727  -57.560  -11.262 0.0000000000
114298  -54.756  -54.705  -17.236 0.0000000000
114299  -54.231  -54.657  -17.367 0.0000000000
114300  -53.577  -54.979  -16.882 0.0000000000
114301  -52.833  -55.140  -16.182 0.0000000000
114302  -49.778  -54.022  -13.245 0.0000000000
114303  -50.380  -54.435  -13.685 0.0000000000
114304  -49.752  -54.488  -12.727 0.0000000000
114305  -49.748  -54.924  -12.203 0.0000000000
114306  -49.703  -55.419  -11.730 0.0000000000
114307  -49.673  -55.926  -11.303 0.0000000000
114308  -49.064  -55.566  -10.863 0.0000000000
114309  -48.440  -55.666  -10.042 0.0000000000
114310  -47.815  -55.850  -9.321 0.0000000000
114311  -47.157  -56.082  -8.685 0.0000000000
114312  -47.212  -55.570  -9.037 0.0000000000
114313  -46.622  -55.307  -8.733 0.0000000000
114314  -45.929  -55.090  -8.500 0.0000000000
114315  -44.590  -53.314  -9.400 0.0000000000
114316  -44.542  -53.794  -8.940 0.0000000000
114317  -43.853  -53.738  -8.925 0.0000000000
114318  -43.128  -54.220  -8.549 0.0000000000
114319  -42.416  -54.829  -8.297 0.0000000000
114320  -41.716  -55.469  -8.163 0.0000000000
114321  -41.755  -54.929  -8.553 0.0000000000
114322  -41.202  -55.132  -8.930 0.0000000000
114323  -40.796  -55.360  -9.415 0.0000000000
118288  -46.730  -61.595  -6.399 0.0000000000
118289  -46.172  -61.912  -6.184 0.0000000000
118290  -46.172  -61.386  -6.304 0.0000000000
118291  -45.571  -61.174  -6.195 0.0000000000
118292  -44.991  -61.013  -6.046 0.0000000000
118293  -45.657  -60.124  -6.345 0.0000000000
118294  -45.037  -60.508  -6.089 0.0000000000
118295  -44.336  -60.909  -5.809 0.0000000000
118296  -43.632  -60.894  -5.590 0.0000000000
118297  -42.997  -60.888  -5.389 0.0000000000
118298  -42.356  -60.946  -5.269 0.0000000000
118299  -41.756  -61.029  -5.285 0.0000000000
118300  -42.406  -60.404  -5.329 0.0000000000
118301  -42.423  -59.935  -5.435 0.0000000000
118302  -42.488  -59.432  -5.545 0.0000000000
118303  -43.828  -58.895  -5.887 0.0000000000
118304  -43.211  -58.887  -5.750 0.0000000000
118305  -42.585  -58.941  -5.695 0.0000000000
118306  -42.641  -58.474  -5.873 0.0000000000
118307  -42.693  -57.996  -6.100 0.0000000000
118308  -42.794  -57.492  -6.353 0.0000000000
120819  -50.848  -62.129  -6.581 0.0000000000
120820  -51.382  -61.807  -6.837 0.0000000000
120821  -51.491  -61.461  -7.222 0.0000000000
120822  -51.603  -61.256  -7.592 0.0000000000
120823  -52.566  -60.701  -7.741 0.0000000000
120824  -52.163  -60.950  -7.904 0.0000000000
120825  -51.658  -61.097  -8.002 0.0000000000
120826  -51.678  -60.853  -8.505 0.0000000000
120827  -51.827  -60.501  -8.894 0.0000000000
120828  -51.964  -60.149  -9.248 0.0000000000
127904  -55.953  -53.410  -11.628 0.0000000000
127905  -55.948  -54.095  -11.515 0.0000000000
127906  -55.895  -54.857  -11.346 0.0000000000
127907  -55.752  -55.702  -11.228 0.0000000000
127908  -55.796  -55.342  -11.752 0.0000000000
127909  -55.597  -55.797  -12.140 0.0000000000
127910  -55.301  -56.245  -12.565 0.0000000000
127911  -55.559  -54.957  -13.234 0.0000000000
127912  -55.344  -55.775  -13.140 0.0000000000
127913  -54.955  -56.559  -12.944 0.0000000000
127914  -54.504  -56.730  -13.242 0.0000000000
127915  -53.980  -56.829  -13.482 0.0000000000
127916  -53.535  -56.792  -13.632 0.0000000000
127937  -52.588  -52.381  -17.827 0.0000000000
127938  -52.499  -53.075  -17.371 0.0000000000
127939  -52.399  -53.667  -16.938 0.0000000000
127940  -51.784  -53.315  -16.570 0.0000000000
127941  -51.175  -53.427  -15.698 0.0000000000
127942  -50.485  -53.457  -14.719 0.0000000000
127943  -49.891  -52.636  -14.834 0.0000000000
127944  -49.913  -53.079  -14.319 0.0000000000
127945  -49.836  -53.530  -13.756 0.0000000000
127946  -49.102  -53.610  -12.848 0.0000000000
127947  -48.479  -53.693  -11.967 0.0000000000
127948  -47.850  -53.820  -11.118 0.0000000000
127949  -47.233  -54.000  -10.321 0.0000000000
127950  -47.222  -53.579  -10.798 0.0000000000
127951  -46.579  -53.354  -10.529 0.0000000000
127952  -45.927  -53.153  -10.183 0.0000000000
127953  -46.670  -52.554  -11.437 0.0000000000
127954  -45.995  -52.731  -10.645 0.0000000000
127955  -45.347  -52.986  -9.999 0.0000000000
127956  -44.681  -52.859  -9.856 0.0000000000
127957  -44.032  -52.764  -9.821 0.0000000000
127958  -43.373  -52.735  -9.866 0.0000000000
137020  -46.866  -64.555  -5.180 0.0000000000
137025  -45.928  -63.997  -5.608 0.0000000000
137031  -45.611  -62.259  -5.971 0.0000000000
137032  -45.057  -62.581  -5.827 0.0000000000
137033  -44.525  -62.881  -5.624 0.0000000000
137034  -43.782  -62.306  -5.402 0.0000000000
137062  -40.701  -60.394  -5.839 0.0000000000
137071  -39.860  -60.377  -7.742 0.0000000000
137074  -40.030  -60.703  -9.324 0.0000000000
137075  -40.146  -60.125  -9.629 0.0000000000
137133  -49.096  -49.425  -15.588 0.0000000000
137134  -48.552  -49.780  -14.889 0.0000000000
137135  -47.915  -50.173  -14.179 0.0000000000
137136  -48.036  -49.457  -14.531 0.0000000000
137137  -47.564  -49.092  -14.204 0.0000000000
143673  -47.253  -64.507  -5.064 0.0000000000
143674  -47.279  -64.176  -5.164 0.0000000000
143675  -47.306  -63.847  -5.282 0.0000000000
143676  -47.323  -63.579  -5.396 0.0000000000
143677  -48.267  -63.224  -5.487 0.0000000000
143678  -47.737  -63.207  -5.507 0.0000000000
143679  -47.269  -63.235  -5.618 0.0000000000
143680  -47.238  -62.908  -5.844 0.0000000000
143681  -47.253  -62.624  -6.064 0.0000000000
143682  -47.236  -62.179  -6.244 0.0000000000
143683  -50.459  -62.241  -6.579 0.0000000000
143684  -49.955  -62.216  -6.581 0.0000000000
143685  -49.420  -62.086  -6.542 0.0000000000
143686  -49.977  -61.494  -7.215 0.0000000000
143687  -49.415  -61.718  -6.851 0.0000000000
143688  -48.887  -61.997  -6.498 0.0000000000
143689  -48.375  -61.940  -6.435 0.0000000000
143690  -47.768  -61.845  -6.443 0.0000000000
143691  -47.236  -61.714  -6.425 0.0000000000
143692  -47.275  -61.213  -6.602 0.0000000000
143693  -47.380  -60.732  -6.759 0.0000000000
143694  -47.461  -60.213  -6.969 0.0000000000
143695  -48.535  -60.135  -7.539 0.0000000000
143696  -48.121  -59.904  -7.411 0.0000000000
143697  -47.566  -59.686  -7.243 0.0000000000
143698  -47.660  -59.173  -7.522 0.0000000000
143699  -47.715  -58.790  -7.803 0.0000000000
143700  -47.757  -58.434  -8.100 0.0000000000
161947  -54.396  -54.540  -8.991 0.0000000000
161948  -54.041  -54.940  -8.511 0.0000000000
161951  -53.863  -56.910  -8.093 0.0000000000
161952  -53.772  -57.670  -8.092 0.0000000000
161953  -53.845  -58.064  -8.481 0.0000000000
161954  -53.864  -58.482  -8.698 0.0000000000
161955  -53.727  -58.920  -8.906 0.0000000000
161956  -54.315  -57.887  -9.636 0.0000000000
161957  -53.910  -58.604  -9.354 0.0000000000
161958  -53.437  -59.268  -9.140 0.0000000000
161959  -52.964  -59.558  -9.352 0.0000000000
161960  -52.592  -59.677  -9.526 0.0000000000
161961  -52.162  -59.722  -9.626 0.0000000000
161962  -55.416  -56.564  -11.143 0.0000000000
161963  -54.864  -57.355  -11.053 0.0000000000
161964  -54.245  -58.074  -10.997 0.0000000000
161965  -54.109  -57.980  -11.705 0.0000000000
161966  -53.872  -58.302  -11.253 0.0000000000
161967  -53.609  -58.558  -10.805 0.0000000000
161968  -53.059  -58.970  -10.476 0.0000000000
161969  -52.382  -59.285  -10.136 0.0000000000
161970  -51.696  -59.638  -9.722 0.0000000000
161971  -51.208  -59.429  -9.693 0.0000000000
161972  -50.686  -59.223  -9.696 0.0000000000
161973  -50.154  -58.993  -9.546 0.0000000000
161974  -50.961  -58.510  -10.646 0.0000000000
161975  -50.316  -58.637  -10.027 0.0000000000
161976  -49.630  -58.720  -9.334 0.0000000000
161977  -49.044  -58.452  -9.065 0.0000000000
161978  -48.483  -58.243  -8.802 0.0000000000
161979  -47.924  -58.044  -8.486 0.0000000000
162036  -55.086  -54.969  -15.513 0.0000000000
162037  -54.743  -55.013  -16.598 0.0000000000
162038  -54.688  -55.262  -15.934 0.0000000000
162039  -54.622  -55.516  -15.271 0.0000000000
162040  -54.144  -56.027  -14.824 0.0000000000
162041  -53.538  -56.346  -14.313 0.0000000000
162042  -52.962  -56.653  -13.748 0.0000000000
162043  -52.308  -54.258  -16.444 0.0000000000
162044  -52.195  -54.784  -15.897 0.0000000000
162045  -52.160  -55.214  -15.354 0.0000000000
162046  -50.978  -54.857  -14.096 0.0000000000
162047  -51.612  -55.294  -14.484 0.0000000000
162048  -52.228  -55.632  -14.842 0.0000000000
162049  -52.299  -56.032  -14.322 0.0000000000
162050  -52.335  -56.439  -13.725 0.0000000000
162051  -52.236  -56.884  -13.154 0.0000000000
162052  -51.482  -57.040  -12.450 0.0000000000
162053  -50.791  -57.118  -11.675 0.0000000000
162054  -50.176  -57.207  -10.931 0.0000000000
162055  -49.655  -56.394  -10.921 0.0000000000
162056  -49.605  -56.863  -10.534 0.0000000000
162057  -49.492  -57.305  -10.167 0.0000000000
162058  -48.774  -57.430  -9.414 0.0000000000
162059  -48.077  -57.621  -8.769 0.0000000000
162060  -47.331  -57.826  -8.153 0.0000000000
162061  -46.759  -57.625  -7.858 0.0000000000
162062  -46.145  -57.430  -7.595 0.0000000000
162063  -45.560  -57.228  -7.295 0.0000000000
162064  -46.460  -56.377  -8.091 0.0000000000
162065  -45.714  -56.685  -7.559 0.0000000000
162066  -44.957  -57.073  -7.048 0.0000000000
162067  -44.327  -56.959  -6.831 0.0000000000
162068  -43.583  -56.914  -6.650 0.0000000000
162069  -42.874  -56.947  -6.659 0.0000000000
162070  -46.600  -54.301  -9.541 0.0000000000
162071  -45.960  -54.594  -8.872 0.0000000000
162072  -45.238  -54.923  -8.313 0.0000000000
162073  -44.507  -54.282  -8.510 0.0000000000
162074  -44.515  -54.786  -8.137 0.0000000000
162075  -44.509  -55.326  -7.800 0.0000000000
162076  -43.708  -55.837  -7.351 0.0000000000
162077  -42.961  -56.391  -7.033 0.0000000000
162078  -42.205  -57.015  -6.820 0.0000000000
162079  -41.603  -57.111  -7.047 0.0000000000
162080  -41.034  -57.338  -7.395 0.0000000000
162081  -40.622  -57.626  -7.844 0.0000000000
162082  -41.116  -56.218  -8.148 0.0000000000
162083  -40.681  -57.031  -8.227 0.0000000000
162084  -40.320  -57.981  -8.400 0.0000000000
162085  -40.206  -58.341  -9.013 0.0000000000
162086  -40.157  -58.723  -9.623 0.0000000000
162088  -47.240  -50.547  -13.428 0.0000000000
162089  -46.532  -50.898  -12.683 0.0000000000
162090  -45.792  -51.215  -11.981 0.0000000000
162093  -45.108  -51.520  -11.289 0.0000000000
162094  -44.330  -51.837  -10.720 0.0000000000
162095  -43.542  -52.239  -10.316 0.0000000000
162096  -42.739  -52.734  -10.001 0.0000000000
162105  -42.000  -53.310  -9.789 0.0000000000
162106  -41.394  -53.997  -9.748 0.0000000000
162107  -40.871  -54.779  -9.830 0.0000000000
