#!ascii label  , from subject fsaverage vox2ras=TkReg coords=white
1141
40  -42.455  -64.640  -18.812 0.0000000000
339  -46.842  -64.832  -5.069 0.0000000000
351  -30.182  -68.024  -13.378 0.0000000000
617  -39.936  -69.013  -7.500 0.0000000000
618  -40.248  -60.061  -10.617 0.0000000000
831  -35.555  -66.119  -15.519 0.0000000000
832  -34.544  -60.835  -15.105 0.0000000000
833  -40.195  -58.881  -19.639 0.0000000000
1377  -43.038  -65.490  -5.434 0.0000000000
1378  -41.747  -61.583  -5.265 0.0000000000
1379  -39.227  -64.539  -8.497 0.0000000000
1783  -30.572  -67.883  -7.567 0.0000000000
1785  -29.579  -63.329  -13.775 0.0000000000
2000  -41.341  -70.477  -16.954 0.0000000000
2485  -44.814  -68.644  -5.061 0.0000000000
2486  -43.573  -71.436  -6.836 0.0000000000
2488  -39.826  -72.387  -10.674 0.0000000000
2489  -40.915  -67.475  -12.658 0.0000000000
2490  -42.466  -62.855  -15.583 0.0000000000
2749  -39.087  -68.868  -17.140 0.0000000000
2750  -35.578  -69.158  -15.714 0.0000000000
2751  -39.095  -65.255  -17.426 0.0000000000
2752  -38.480  -62.479  -17.406 0.0000000000
2753  -41.705  -61.426  -19.417 0.0000000000
3297  -44.359  -61.403  -5.754 0.0000000000
3931  -30.693  -68.282  -10.392 0.0000000000
3932  -30.851  -65.535  -10.867 0.0000000000
3933  -30.092  -65.683  -13.462 0.0000000000
4388  -40.462  -72.900  -15.922 0.0000000000
5566  -46.011  -65.674  -4.194 0.0000000000
5567  -44.215  -67.270  -4.103 0.0000000000
5568  -45.702  -66.619  -5.182 0.0000000000
5569  -40.924  -66.896  -5.926 0.0000000000
5570  -42.718  -68.565  -5.866 0.0000000000
5571  -41.487  -70.605  -7.151 0.0000000000
5573  -41.231  -72.688  -8.803 0.0000000000
5575  -39.898  -70.944  -9.158 0.0000000000
5576  -39.878  -62.149  -9.395 0.0000000000
5577  -39.997  -66.273  -10.717 0.0000000000
5578  -40.770  -63.718  -11.845 0.0000000000
5579  -41.454  -65.449  -14.224 0.0000000000
5580  -41.013  -61.684  -13.077 0.0000000000
6102  -32.032  -69.975  -15.095 0.0000000000
6103  -32.170  -66.967  -15.167 0.0000000000
6104  -31.821  -64.579  -15.338 0.0000000000
6105  -35.289  -63.589  -15.249 0.0000000000
6106  -37.618  -59.699  -17.471 0.0000000000
7084  -46.825  -63.573  -5.542 0.0000000000
7085  -45.272  -65.121  -5.587 0.0000000000
7086  -44.618  -63.390  -5.575 0.0000000000
7087  -42.104  -63.477  -5.211 0.0000000000
7088  -40.043  -64.862  -6.012 0.0000000000
7089  -39.198  -66.792  -7.831 0.0000000000
7090  -39.801  -62.734  -6.337 0.0000000000
7091  -39.999  -60.579  -6.919 0.0000000000
7950  -48.268  -64.984  -4.683 0.0000000000
8004  -31.101  -62.416  -15.712 0.0000000000
8005  -30.293  -60.122  -15.962 0.0000000000
8581  -38.671  -71.486  -16.768 0.0000000000
8582  -42.124  -67.617  -17.946 0.0000000000
10010  -43.124  -69.765  -4.211 0.0000000000
10011  -43.871  -71.252  -5.002 0.0000000000
10012  -44.367  -67.142  -5.704 0.0000000000
10013  -44.391  -69.818  -5.904 0.0000000000
10021  -39.391  -68.834  -9.820 0.0000000000
10022  -39.888  -69.792  -11.612 0.0000000000
10023  -40.784  -71.199  -13.669 0.0000000000
10024  -41.484  -69.133  -15.013 0.0000000000
10025  -42.701  -66.786  -16.434 0.0000000000
10026  -43.824  -63.841  -17.706 0.0000000000
10052  -42.993  -59.925  -17.362 0.0000000000
10053  -43.640  -60.426  -19.419 0.0000000000
10429  -40.974  -66.687  -18.172 0.0000000000
10430  -39.189  -67.013  -17.246 0.0000000000
10431  -40.890  -64.909  -18.423 0.0000000000
10432  -40.585  -63.436  -18.535 0.0000000000
10433  -42.134  -62.993  -19.116 0.0000000000
11607  -29.788  -69.482  -13.282 0.0000000000
11609  -30.153  -69.704  -11.744 0.0000000000
11610  -30.454  -69.808  -10.219 0.0000000000
11611  -30.491  -68.246  -11.890 0.0000000000
11612  -30.534  -66.995  -12.021 0.0000000000
11613  -30.189  -66.822  -13.427 0.0000000000
13246  -46.631  -65.343  -4.709 0.0000000000
13247  -45.818  -66.202  -4.665 0.0000000000
13248  -46.165  -65.678  -5.088 0.0000000000
13249  -40.307  -67.835  -6.580 0.0000000000
13250  -40.989  -68.751  -6.493 0.0000000000
13251  -40.627  -69.884  -7.330 0.0000000000
13252  -41.288  -71.601  -8.017 0.0000000000
13253  -40.538  -70.930  -8.104 0.0000000000
13254  -40.491  -71.799  -8.953 0.0000000000
13255  -39.929  -69.984  -8.323 0.0000000000
13256  -40.185  -61.070  -9.935 0.0000000000
13257  -40.262  -62.915  -10.566 0.0000000000
13258  -40.493  -61.856  -11.280 0.0000000000
13259  -40.853  -62.715  -12.521 0.0000000000
13260  -40.577  -60.896  -11.845 0.0000000000
14007  -35.591  -67.612  -15.544 0.0000000000
14008  -33.756  -69.459  -15.179 0.0000000000
14009  -33.810  -68.030  -15.208 0.0000000000
14010  -32.189  -68.480  -15.046 0.0000000000
14011  -33.898  -66.576  -15.189 0.0000000000
14012  -33.708  -65.394  -15.218 0.0000000000
14013  -35.475  -64.841  -15.424 0.0000000000
14014  -39.409  -60.542  -18.699 0.0000000000
14015  -38.063  -61.025  -17.398 0.0000000000
14016  -38.829  -59.263  -18.759 0.0000000000
15647  -45.845  -63.512  -5.673 0.0000000000
15648  -45.669  -62.747  -5.891 0.0000000000
15649  -43.017  -61.379  -5.373 0.0000000000
15650  -43.135  -62.303  -5.299 0.0000000000
15651  -41.874  -62.524  -5.229 0.0000000000
15652  -40.941  -64.076  -5.441 0.0000000000
15653  -40.715  -63.053  -5.487 0.0000000000
15654  -39.874  -63.816  -6.141 0.0000000000
15655  -40.623  -62.035  -5.631 0.0000000000
15657  -40.766  -59.894  -5.982 0.0000000000
17553  -30.921  -66.443  -7.944 0.0000000000
17554  -30.269  -64.350  -12.438 0.0000000000
17555  -30.853  -64.253  -11.181 0.0000000000
17556  -30.037  -63.140  -12.666 0.0000000000
17558  -29.243  -61.975  -13.979 0.0000000000
17559  -33.180  -62.819  -15.289 0.0000000000
17560  -31.536  -63.449  -15.544 0.0000000000
17561  -32.700  -61.735  -15.409 0.0000000000
17563  -31.803  -59.400  -15.920 0.0000000000
18919  -39.766  -72.327  -16.791 0.0000000000
18920  -38.408  -72.734  -16.536 0.0000000000
18921  -40.280  -71.055  -17.173 0.0000000000
18922  -40.653  -69.671  -17.470 0.0000000000
18923  -41.809  -69.140  -17.434 0.0000000000
22459  -44.573  -68.011  -4.559 0.0000000000
22460  -43.659  -68.491  -4.146 0.0000000000
22461  -44.014  -69.201  -4.555 0.0000000000
22462  -43.482  -70.516  -4.609 0.0000000000
22463  -44.307  -69.908  -5.033 0.0000000000
22464  -44.130  -65.206  -5.511 0.0000000000
22465  -44.672  -66.078  -5.620 0.0000000000
22466  -43.673  -66.348  -5.567 0.0000000000
22467  -42.964  -70.070  -6.242 0.0000000000
22468  -43.582  -69.222  -5.919 0.0000000000
22469  -43.965  -70.597  -6.203 0.0000000000
22470  -44.647  -71.239  -6.036 0.0000000000
22471  -44.444  -71.968  -6.706 0.0000000000
22485  -39.875  -72.827  -11.514 0.0000000000
22486  -39.095  -65.586  -8.113 0.0000000000
22487  -39.242  -67.856  -8.901 0.0000000000
22488  -39.204  -66.668  -9.258 0.0000000000
22489  -40.523  -67.036  -11.616 0.0000000000
22490  -39.915  -68.246  -11.121 0.0000000000
22491  -40.340  -68.573  -12.089 0.0000000000
22492  -40.384  -70.318  -12.611 0.0000000000
22493  -40.801  -69.147  -13.239 0.0000000000
22494  -41.096  -70.115  -14.408 0.0000000000
22495  -41.138  -68.196  -13.866 0.0000000000
22496  -41.947  -64.237  -14.974 0.0000000000
22497  -42.005  -66.119  -15.347 0.0000000000
22498  -42.762  -64.713  -16.065 0.0000000000
22499  -43.348  -65.365  -17.087 0.0000000000
22500  -43.432  -63.311  -16.746 0.0000000000
22567  -43.594  -60.252  -18.520 0.0000000000
22569  -43.203  -59.039  -19.952 0.0000000000
23379  -37.086  -70.629  -16.489 0.0000000000
23380  -35.365  -70.812  -15.835 0.0000000000
23381  -37.307  -69.026  -16.434 0.0000000000
23382  -37.439  -67.324  -16.350 0.0000000000
23383  -37.351  -65.669  -16.302 0.0000000000
23384  -37.180  -64.279  -16.280 0.0000000000
23385  -38.794  -63.838  -17.466 0.0000000000
23386  -40.036  -61.875  -18.647 0.0000000000
23387  -41.010  -60.022  -19.600 0.0000000000
24365  -45.578  -61.715  -6.075 0.0000000000
24368  -43.012  -60.377  -5.436 0.0000000000
24369  -41.779  -60.535  -5.389 0.0000000000
25507  -30.710  -68.205  -8.860 0.0000000000
25508  -30.953  -66.706  -9.226 0.0000000000
25509  -30.801  -66.958  -10.545 0.0000000000
25510  -30.508  -65.719  -12.155 0.0000000000
25511  -29.878  -64.525  -13.594 0.0000000000
25512  -35.825  -59.062  -15.885 0.0000000000
25513  -34.092  -59.692  -15.264 0.0000000000
26330  -40.863  -71.731  -16.459 0.0000000000
28452  -44.987  -66.369  -4.022 0.0000000000
28453  -45.126  -66.999  -4.625 0.0000000000
28454  -45.380  -67.566  -5.148 0.0000000000
28455  -41.977  -65.969  -5.479 0.0000000000
28456  -42.709  -66.898  -5.601 0.0000000000
28457  -41.683  -67.747  -5.856 0.0000000000
28458  -41.973  -69.458  -6.363 0.0000000000
28459  -42.549  -71.075  -6.977 0.0000000000
28460  -43.271  -72.480  -7.744 0.0000000000
28461  -42.269  -72.141  -7.924 0.0000000000
28462  -42.183  -73.104  -8.693 0.0000000000
28465  -41.072  -73.521  -9.618 0.0000000000
28466  -40.376  -72.732  -9.743 0.0000000000
28467  -39.847  -71.779  -9.937 0.0000000000
28468  -39.502  -63.398  -8.891 0.0000000000
28469  -39.428  -65.439  -9.656 0.0000000000
28470  -39.839  -64.179  -10.061 0.0000000000
28471  -40.499  -64.954  -11.210 0.0000000000
28472  -41.048  -65.849  -12.346 0.0000000000
28473  -41.227  -66.509  -13.398 0.0000000000
28474  -41.084  -64.704  -13.082 0.0000000000
28475  -41.247  -63.618  -13.739 0.0000000000
28476  -41.607  -62.327  -14.367 0.0000000000
29597  -30.474  -70.379  -14.598 0.0000000000
29598  -30.511  -68.950  -14.567 0.0000000000
29599  -30.569  -67.491  -14.541 0.0000000000
29600  -30.498  -66.366  -14.640 0.0000000000
29601  -32.015  -65.818  -15.195 0.0000000000
29602  -33.513  -64.045  -15.225 0.0000000000
29603  -34.971  -62.214  -15.118 0.0000000000
29604  -37.059  -63.006  -16.130 0.0000000000
29605  -36.729  -61.601  -15.970 0.0000000000
29606  -36.308  -60.233  -15.867 0.0000000000
29607  -37.186  -58.480  -17.501 0.0000000000
31888  -46.914  -64.242  -5.271 0.0000000000
31889  -46.151  -65.014  -5.358 0.0000000000
31890  -45.991  -64.380  -5.523 0.0000000000
31891  -44.931  -64.268  -5.600 0.0000000000
31892  -43.710  -64.306  -5.408 0.0000000000
31893  -44.454  -62.388  -5.666 0.0000000000
31894  -43.363  -63.251  -5.274 0.0000000000
31895  -42.526  -64.446  -5.301 0.0000000000
31896  -41.330  -65.109  -5.475 0.0000000000
31897  -40.396  -65.937  -5.976 0.0000000000
31898  -39.801  -66.905  -6.678 0.0000000000
31899  -39.502  -67.904  -7.661 0.0000000000
31900  -39.444  -65.769  -6.869 0.0000000000
31901  -39.301  -64.632  -7.088 0.0000000000
31902  -39.332  -63.544  -7.375 0.0000000000
31903  -40.644  -60.931  -5.758 0.0000000000
31904  -39.879  -61.635  -6.581 0.0000000000
31905  -39.462  -62.528  -7.692 0.0000000000
31906  -39.693  -61.334  -8.096 0.0000000000
31907  -39.942  -60.313  -8.671 0.0000000000
34193  -47.120  -65.356  -4.445 0.0000000000
34194  -47.616  -64.900  -4.869 0.0000000000
34202  -48.572  -64.441  -4.937 0.0000000000
34203  -47.719  -64.205  -5.083 0.0000000000
34204  -47.751  -63.518  -5.335 0.0000000000
34332  -31.100  -65.330  -9.626 0.0000000000
34338  -30.254  -65.200  -14.755 0.0000000000
34339  -29.939  -64.268  -14.841 0.0000000000
34340  -29.710  -63.144  -14.956 0.0000000000
34341  -32.293  -60.540  -15.623 0.0000000000
34342  -30.736  -61.362  -15.802 0.0000000000
34343  -29.425  -61.942  -15.101 0.0000000000
34344  -29.173  -60.542  -15.294 0.0000000000
36005  -36.942  -72.002  -16.302 0.0000000000
36006  -38.938  -70.201  -17.018 0.0000000000
36007  -40.857  -68.205  -17.799 0.0000000000
36008  -42.389  -66.082  -18.421 0.0000000000
40268  -43.066  -72.013  -4.578 0.0000000000
40270  -45.578  -65.917  -5.442 0.0000000000
40271  -45.217  -66.837  -5.584 0.0000000000
40272  -44.947  -67.962  -5.594 0.0000000000
40273  -43.486  -67.682  -5.732 0.0000000000
40274  -44.158  -68.408  -5.801 0.0000000000
40275  -44.762  -69.161  -5.550 0.0000000000
40276  -44.555  -70.586  -5.467 0.0000000000
40277  -44.370  -71.960  -5.492 0.0000000000
40297  -39.532  -68.992  -8.612 0.0000000000
40298  -39.531  -69.923  -9.439 0.0000000000
40299  -39.549  -70.677  -10.272 0.0000000000
40300  -39.546  -67.595  -10.267 0.0000000000
40301  -39.528  -69.477  -10.707 0.0000000000
40302  -39.696  -71.095  -11.093 0.0000000000
40303  -40.072  -71.600  -11.990 0.0000000000
40304  -40.387  -72.205  -12.970 0.0000000000
40306  -40.943  -72.080  -14.886 0.0000000000
40307  -41.314  -71.063  -15.673 0.0000000000
40308  -41.677  -69.952  -16.143 0.0000000000
40309  -41.540  -67.317  -14.510 0.0000000000
40310  -41.978  -68.028  -15.687 0.0000000000
40311  -42.323  -68.734  -16.750 0.0000000000
40312  -42.843  -67.264  -17.331 0.0000000000
40313  -43.246  -65.866  -17.987 0.0000000000
40314  -43.509  -64.392  -18.581 0.0000000000
40388  -41.090  -60.378  -13.948 0.0000000000
40389  -41.968  -60.817  -15.171 0.0000000000
40392  -42.892  -61.292  -16.424 0.0000000000
40393  -43.714  -61.756  -17.607 0.0000000000
40394  -43.957  -62.125  -18.602 0.0000000000
40395  -43.368  -62.375  -19.226 0.0000000000
40396  -42.986  -60.870  -19.699 0.0000000000
40397  -42.329  -59.477  -20.012 0.0000000000
41149  -41.708  -65.622  -18.524 0.0000000000
41150  -41.019  -65.807  -18.337 0.0000000000
41151  -41.667  -64.734  -18.684 0.0000000000
41152  -41.576  -63.928  -18.795 0.0000000000
41153  -42.309  -63.820  -18.964 0.0000000000
42327  -30.042  -68.760  -13.319 0.0000000000
42328  -29.927  -69.635  -12.532 0.0000000000
42329  -30.109  -68.899  -12.591 0.0000000000
42330  -30.378  -68.966  -11.844 0.0000000000
42331  -30.304  -68.185  -12.664 0.0000000000
42332  -30.391  -67.551  -12.701 0.0000000000
42333  -30.208  -67.443  -13.406 0.0000000000
43966  -46.795  -65.089  -4.937 0.0000000000
43967  -46.381  -65.484  -4.921 0.0000000000
43968  -46.474  -65.210  -5.090 0.0000000000
43969  -40.067  -68.352  -6.989 0.0000000000
43970  -40.398  -68.840  -6.933 0.0000000000
43971  -40.271  -69.478  -7.421 0.0000000000
43972  -40.540  -70.447  -7.793 0.0000000000
43973  -40.226  -69.971  -7.869 0.0000000000
43974  -40.228  -70.502  -8.210 0.0000000000
43975  -39.951  -69.484  -7.926 0.0000000000
43976  -40.244  -60.548  -10.265 0.0000000000
43977  -40.310  -61.502  -10.609 0.0000000000
43978  -40.378  -60.990  -10.932 0.0000000000
43979  -40.544  -61.375  -11.557 0.0000000000
43980  -40.393  -60.491  -11.243 0.0000000000
44727  -35.593  -66.811  -15.544 0.0000000000
44728  -34.638  -67.829  -15.299 0.0000000000
44729  -34.670  -67.069  -15.305 0.0000000000
44730  -33.890  -67.305  -15.205 0.0000000000
44731  -34.701  -66.335  -15.294 0.0000000000
44732  -34.722  -65.790  -15.244 0.0000000000
44733  -35.528  -65.487  -15.484 0.0000000000
44734  -39.828  -59.679  -19.260 0.0000000000
44735  -39.123  -59.888  -18.738 0.0000000000
44736  -39.491  -59.156  -19.260 0.0000000000
46369  -42.352  -61.426  -5.260 0.0000000000
46370  -42.390  -61.875  -5.266 0.0000000000
46371  -41.805  -62.045  -5.243 0.0000000000
46372  -41.317  -62.743  -5.317 0.0000000000
46373  -41.206  -62.276  -5.365 0.0000000000
46374  -40.659  -62.547  -5.560 0.0000000000
46375  -41.170  -61.760  -5.404 0.0000000000
48267  -30.371  -68.712  -7.379 0.0000000000
48271  -30.474  -67.652  -7.023 0.0000000000
48272  -30.635  -66.930  -7.169 0.0000000000
48273  -30.765  -67.152  -7.762 0.0000000000
48274  -29.932  -63.849  -13.082 0.0000000000
48275  -30.170  -63.739  -12.552 0.0000000000
48276  -29.761  -63.173  -13.217 0.0000000000
48277  -29.576  -62.425  -13.362 0.0000000000
48278  -29.392  -62.671  -13.857 0.0000000000
48279  -33.823  -61.954  -15.155 0.0000000000
48280  -32.943  -62.250  -15.342 0.0000000000
48281  -33.593  -61.313  -15.214 0.0000000000
49639  -40.614  -71.432  -16.920 0.0000000000
49640  -40.049  -71.664  -16.982 0.0000000000
49641  -40.888  -70.734  -17.140 0.0000000000
49642  -41.113  -70.057  -17.335 0.0000000000
49643  -41.600  -69.794  -17.199 0.0000000000
53179  -44.738  -68.358  -4.764 0.0000000000
53180  -44.262  -68.610  -4.574 0.0000000000
53181  -44.461  -68.987  -4.777 0.0000000000
53182  -44.162  -69.577  -4.787 0.0000000000
53183  -44.567  -69.281  -5.021 0.0000000000
53184  -43.601  -65.344  -5.469 0.0000000000
53185  -43.888  -65.810  -5.526 0.0000000000
53186  -43.356  -65.949  -5.508 0.0000000000
53187  -43.309  -70.710  -6.531 0.0000000000
53188  -43.434  -70.323  -6.206 0.0000000000
53189  -43.771  -70.980  -6.478 0.0000000000
53190  -44.207  -71.275  -6.439 0.0000000000
53191  -44.065  -71.679  -6.806 0.0000000000
53192  -44.406  -72.337  -7.101 0.0000000000
53193  -44.013  -72.124  -7.174 0.0000000000
53201  -39.974  -72.964  -10.547 0.0000000000
53203  -39.940  -73.248  -10.937 0.0000000000
53205  -39.864  -72.633  -11.076 0.0000000000
53206  -39.142  -65.065  -8.280 0.0000000000
53207  -39.119  -66.138  -8.693 0.0000000000
53208  -39.166  -65.569  -8.887 0.0000000000
53209  -40.715  -67.242  -12.085 0.0000000000
53210  -40.405  -67.792  -11.800 0.0000000000
53211  -40.611  -67.990  -12.348 0.0000000000
53212  -40.584  -68.830  -12.615 0.0000000000
53213  -40.809  -68.296  -12.909 0.0000000000
53214  -40.942  -68.619  -13.571 0.0000000000
53215  -41.022  -67.824  -13.233 0.0000000000
53216  -42.217  -63.546  -15.283 0.0000000000
53217  -42.335  -64.466  -15.497 0.0000000000
53218  -42.706  -63.805  -15.841 0.0000000000
53219  -43.131  -64.007  -16.407 0.0000000000
53220  -42.962  -63.138  -16.175 0.0000000000
54324  -38.084  -69.791  -16.801 0.0000000000
54325  -37.196  -69.825  -16.467 0.0000000000
54326  -38.170  -68.916  -16.815 0.0000000000
54327  -39.175  -66.106  -17.336 0.0000000000
54328  -38.341  -67.166  -16.790 0.0000000000
54329  -38.301  -66.330  -16.788 0.0000000000
54330  -37.425  -66.494  -16.325 0.0000000000
54331  -38.205  -65.528  -16.831 0.0000000000
54332  -38.104  -64.830  -16.843 0.0000000000
54333  -38.978  -64.542  -17.477 0.0000000000
54334  -41.216  -62.380  -19.010 0.0000000000
54335  -40.354  -62.607  -18.597 0.0000000000
54336  -40.942  -61.620  -19.116 0.0000000000
54337  -40.520  -60.919  -19.188 0.0000000000
54338  -41.383  -60.708  -19.520 0.0000000000
57867  -30.621  -69.008  -10.341 0.0000000000
57868  -30.507  -69.859  -9.501 0.0000000000
57869  -30.611  -69.076  -9.534 0.0000000000
57870  -30.563  -69.021  -8.757 0.0000000000
57871  -30.724  -68.257  -9.590 0.0000000000
57872  -30.815  -67.567  -9.653 0.0000000000
57873  -30.726  -67.673  -10.433 0.0000000000
57874  -30.365  -66.304  -12.794 0.0000000000
57875  -30.546  -66.373  -12.059 0.0000000000
57876  -30.308  -65.703  -12.827 0.0000000000
57877  -30.193  -65.162  -12.903 0.0000000000
57878  -30.008  -65.133  -13.505 0.0000000000
59243  -40.660  -72.373  -16.230 0.0000000000
62776  -45.537  -65.776  -3.873 0.0000000000
62777  -45.076  -66.109  -3.775 0.0000000000
62778  -45.479  -65.987  -4.096 0.0000000000
62779  -45.766  -66.420  -4.922 0.0000000000
62780  -45.465  -66.601  -4.661 0.0000000000
62781  -45.473  -66.835  -4.927 0.0000000000
62782  -45.230  -67.294  -4.868 0.0000000000
62783  -45.523  -67.122  -5.193 0.0000000000
62784  -41.348  -66.397  -5.665 0.0000000000
62785  -41.760  -66.854  -5.627 0.0000000000
62786  -41.298  -67.330  -5.879 0.0000000000
62787  -41.198  -69.696  -6.802 0.0000000000
62788  -41.444  -69.140  -6.427 0.0000000000
62789  -41.672  -70.017  -6.734 0.0000000000
62790  -42.183  -70.283  -6.671 0.0000000000
62791  -41.979  -70.874  -7.077 0.0000000000
62792  -42.355  -71.635  -7.443 0.0000000000
62793  -41.848  -71.404  -7.540 0.0000000000
62794  -41.232  -72.096  -8.368 0.0000000000
62795  -41.727  -72.414  -8.357 0.0000000000
62796  -41.699  -72.921  -8.745 0.0000000000
62797  -42.093  -73.562  -9.075 0.0000000000
62798  -41.593  -73.333  -9.170 0.0000000000
62800  -41.168  -73.055  -9.249 0.0000000000
62801  -40.193  -71.351  -9.041 0.0000000000
62802  -40.461  -72.284  -9.362 0.0000000000
62803  -40.155  -71.846  -9.421 0.0000000000
62804  -40.076  -72.273  -9.812 0.0000000000
62805  -39.904  -71.409  -9.547 0.0000000000
62806  -39.690  -62.766  -9.138 0.0000000000
62807  -39.632  -63.782  -9.479 0.0000000000
62808  -39.853  -63.167  -9.718 0.0000000000
62809  -40.538  -63.307  -11.205 0.0000000000
62810  -40.381  -63.952  -10.898 0.0000000000
62811  -40.691  -64.296  -11.506 0.0000000000
62812  -40.816  -65.419  -11.762 0.0000000000
62813  -40.923  -64.803  -12.114 0.0000000000
62814  -41.070  -65.261  -12.719 0.0000000000
62815  -40.874  -64.195  -12.484 0.0000000000
62816  -40.926  -62.192  -12.786 0.0000000000
62817  -41.000  -63.185  -13.101 0.0000000000
62818  -41.113  -62.594  -13.402 0.0000000000
62819  -41.419  -62.985  -14.067 0.0000000000
62820  -41.273  -62.022  -13.709 0.0000000000
65057  -35.477  -70.007  -15.786 0.0000000000
65058  -34.573  -70.851  -15.513 0.0000000000
65059  -34.628  -70.094  -15.458 0.0000000000
65060  -32.906  -69.734  -15.125 0.0000000000
65061  -32.907  -70.419  -15.103 0.0000000000
65066  -31.281  -70.138  -14.924 0.0000000000
65067  -32.201  -67.725  -15.104 0.0000000000
65068  -31.312  -68.690  -14.891 0.0000000000
65069  -31.335  -67.971  -14.907 0.0000000000
65070  -30.610  -68.260  -14.530 0.0000000000
65071  -31.326  -67.215  -14.916 0.0000000000
65072  -31.258  -66.589  -14.922 0.0000000000
65073  -32.074  -66.442  -15.155 0.0000000000
65074  -34.493  -64.496  -15.194 0.0000000000
65075  -33.629  -64.713  -15.204 0.0000000000
65076  -34.385  -63.828  -15.142 0.0000000000
65077  -34.263  -63.229  -15.094 0.0000000000
65078  -35.144  -62.907  -15.179 0.0000000000
65079  -37.888  -63.387  -16.820 0.0000000000
65080  -37.116  -63.649  -16.211 0.0000000000
65081  -37.756  -62.714  -16.757 0.0000000000
65082  -37.842  -60.357  -17.425 0.0000000000
65083  -37.468  -61.282  -16.709 0.0000000000
65084  -37.271  -60.631  -16.698 0.0000000000
65085  -36.515  -60.885  -15.910 0.0000000000
65086  -37.051  -60.009  -16.672 0.0000000000
65087  -36.813  -59.392  -16.642 0.0000000000
65088  -37.418  -59.050  -17.508 0.0000000000
69976  -46.846  -63.900  -5.380 0.0000000000
69977  -46.439  -64.306  -5.408 0.0000000000
69978  -46.378  -63.955  -5.512 0.0000000000
69979  -45.253  -63.453  -5.668 0.0000000000
69980  -45.371  -63.911  -5.626 0.0000000000
69981  -44.777  -63.849  -5.572 0.0000000000
69982  -44.349  -64.271  -5.507 0.0000000000
69983  -44.127  -63.828  -5.463 0.0000000000
69984  -44.975  -61.559  -5.940 0.0000000000
69985  -44.996  -62.094  -5.882 0.0000000000
69986  -44.370  -61.877  -5.678 0.0000000000
69987  -42.593  -62.870  -5.214 0.0000000000
69988  -43.241  -62.793  -5.276 0.0000000000
69989  -42.724  -63.337  -5.200 0.0000000000
69990  -42.849  -63.806  -5.241 0.0000000000
69991  -42.301  -63.942  -5.248 0.0000000000
69992  -41.918  -64.764  -5.323 0.0000000000
69993  -41.666  -64.237  -5.296 0.0000000000
69994  -40.439  -64.470  -5.680 0.0000000000
69995  -40.594  -64.994  -5.687 0.0000000000
69996  -40.198  -65.423  -5.988 0.0000000000
69997  -40.051  -66.404  -6.317 0.0000000000
69998  -39.834  -65.874  -6.356 0.0000000000
69999  -39.589  -66.404  -6.788 0.0000000000
70000  -39.684  -65.295  -6.366 0.0000000000
70001  -39.817  -63.262  -6.233 0.0000000000
70002  -39.534  -64.206  -6.572 0.0000000000
70003  -39.478  -63.662  -6.697 0.0000000000
70004  -39.298  -64.067  -7.229 0.0000000000
70005  -39.492  -63.163  -6.796 0.0000000000
70006  -41.801  -60.044  -5.492 0.0000000000
70007  -41.178  -60.736  -5.561 0.0000000000
70008  -41.217  -60.195  -5.610 0.0000000000
70009  -40.344  -60.209  -6.413 0.0000000000
70010  -40.281  -60.736  -6.230 0.0000000000
70011  -39.941  -61.107  -6.734 0.0000000000
70012  -39.624  -62.061  -7.132 0.0000000000
70013  -39.680  -61.504  -7.299 0.0000000000
70014  -39.573  -61.944  -7.881 0.0000000000
70015  -39.769  -60.914  -7.492 0.0000000000
70017  -39.978  -59.894  -8.032 0.0000000000
75371  -47.906  -65.176  -4.438 0.0000000000
75372  -47.253  -65.319  -4.333 0.0000000000
75373  -47.693  -65.193  -4.599 0.0000000000
75374  -47.422  -65.161  -4.672 0.0000000000
75375  -47.945  -64.962  -4.767 0.0000000000
75397  -48.154  -64.353  -5.050 0.0000000000
75398  -48.223  -63.927  -5.170 0.0000000000
75399  -47.746  -63.852  -5.200 0.0000000000
75699  -30.970  -66.240  -9.992 0.0000000000
75700  -31.019  -66.091  -9.365 0.0000000000
75701  -31.042  -65.485  -10.270 0.0000000000
75714  -31.125  -65.395  -15.074 0.0000000000
75715  -30.365  -65.714  -14.699 0.0000000000
75716  -31.017  -64.864  -15.166 0.0000000000
75717  -31.315  -62.971  -15.640 0.0000000000
75718  -30.685  -63.831  -15.329 0.0000000000
75719  -30.482  -63.353  -15.401 0.0000000000
75720  -29.829  -63.709  -14.902 0.0000000000
75721  -30.304  -62.800  -15.487 0.0000000000
75723  -33.117  -60.136  -15.410 0.0000000000
75724  -32.892  -59.527  -15.535 0.0000000000
75725  -31.023  -59.778  -15.982 0.0000000000
75726  -31.290  -60.402  -15.860 0.0000000000
75727  -30.564  -60.816  -15.867 0.0000000000
75728  -29.992  -61.676  -15.585 0.0000000000
75729  -29.839  -61.046  -15.669 0.0000000000
75730  -29.274  -61.269  -15.199 0.0000000000
75731  -29.611  -60.344  -15.704 0.0000000000
79797  -38.542  -72.114  -16.639 0.0000000000
79801  -37.818  -71.743  -16.564 0.0000000000
79802  -37.887  -71.148  -16.681 0.0000000000
79803  -38.785  -70.875  -16.919 0.0000000000
79804  -41.403  -68.674  -17.749 0.0000000000
79805  -40.793  -68.974  -17.604 0.0000000000
79806  -41.540  -67.915  -17.979 0.0000000000
79807  -41.651  -67.162  -18.198 0.0000000000
79808  -42.260  -66.823  -18.212 0.0000000000
90414  -44.158  -66.954  -3.809 0.0000000000
90417  -43.394  -69.100  -4.170 0.0000000000
90423  -42.915  -70.482  -4.229 0.0000000000
90424  -43.666  -70.874  -4.823 0.0000000000
90425  -43.276  -71.217  -4.615 0.0000000000
90426  -43.440  -71.585  -4.809 0.0000000000
90427  -43.225  -72.326  -4.829 0.0000000000
90428  -43.657  -71.939  -5.017 0.0000000000
90429  -45.761  -65.101  -5.481 0.0000000000
90430  -45.863  -65.473  -5.378 0.0000000000
90431  -45.448  -65.532  -5.538 0.0000000000
90432  -44.508  -66.580  -5.654 0.0000000000
90433  -44.979  -66.458  -5.686 0.0000000000
90434  -44.844  -66.980  -5.674 0.0000000000
90435  -45.078  -67.394  -5.588 0.0000000000
90436  -44.688  -67.558  -5.681 0.0000000000
90437  -42.650  -67.698  -5.715 0.0000000000
90438  -43.092  -67.283  -5.659 0.0000000000
90439  -43.098  -68.091  -5.774 0.0000000000
90440  -43.996  -69.528  -5.931 0.0000000000
90441  -43.889  -68.834  -5.867 0.0000000000
90442  -44.288  -69.173  -5.876 0.0000000000
90443  -44.543  -68.763  -5.742 0.0000000000
90444  -44.575  -69.500  -5.687 0.0000000000
90445  -44.657  -69.869  -5.474 0.0000000000
90446  -44.615  -70.206  -5.741 0.0000000000
90447  -44.713  -71.935  -6.137 0.0000000000
90448  -44.669  -71.609  -5.795 0.0000000000
90449  -44.549  -72.285  -5.877 0.0000000000
90459  -43.182  -72.961  -8.211 0.0000000000
90496  -39.318  -67.337  -7.708 0.0000000000
90497  -39.516  -68.480  -8.116 0.0000000000
90498  -39.341  -67.940  -8.240 0.0000000000
90499  -39.297  -68.357  -9.383 0.0000000000
90500  -39.365  -68.911  -9.192 0.0000000000
90501  -39.422  -69.407  -9.629 0.0000000000
90502  -39.535  -70.365  -9.868 0.0000000000
90503  -39.472  -69.775  -10.062 0.0000000000
90504  -39.676  -65.833  -10.194 0.0000000000
90505  -39.486  -66.515  -9.983 0.0000000000
90506  -39.733  -66.929  -10.468 0.0000000000
90507  -39.855  -69.001  -11.375 0.0000000000
90508  -39.685  -68.863  -10.912 0.0000000000
90509  -39.704  -69.613  -11.162 0.0000000000
90510  -39.645  -70.261  -10.924 0.0000000000
90511  -39.747  -70.440  -11.343 0.0000000000
90512  -39.895  -71.337  -11.524 0.0000000000
90513  -39.984  -70.661  -11.818 0.0000000000
90514  -40.613  -70.709  -13.118 0.0000000000
90515  -40.437  -71.286  -12.775 0.0000000000
90516  -40.571  -71.671  -13.295 0.0000000000
90518  -40.730  -72.100  -13.851 0.0000000000
90519  -40.710  -72.583  -14.435 0.0000000000
90520  -40.936  -71.585  -14.232 0.0000000000
90521  -41.262  -69.630  -14.686 0.0000000000
90522  -41.268  -70.619  -15.037 0.0000000000
90523  -41.464  -70.085  -15.381 0.0000000000
90524  -41.478  -70.523  -15.903 0.0000000000
90525  -41.615  -69.591  -15.655 0.0000000000
90526  -41.324  -65.970  -13.833 0.0000000000
90527  -41.371  -66.903  -13.978 0.0000000000
90528  -41.516  -66.357  -14.403 0.0000000000
90529  -42.317  -66.456  -15.885 0.0000000000
90530  -42.018  -67.084  -15.495 0.0000000000
90531  -42.340  -67.435  -16.075 0.0000000000
90532  -42.228  -68.356  -16.264 0.0000000000
90533  -42.557  -67.803  -16.562 0.0000000000
90534  -42.610  -68.009  -17.046 0.0000000000
90535  -42.888  -67.114  -16.893 0.0000000000
90536  -43.617  -64.600  -17.405 0.0000000000
90537  -43.436  -65.646  -17.592 0.0000000000
90538  -43.573  -64.943  -17.897 0.0000000000
90539  -43.404  -65.144  -18.302 0.0000000000
90540  -43.682  -64.118  -18.184 0.0000000000
90727  -41.481  -60.672  -14.530 0.0000000000
90734  -42.527  -59.789  -16.744 0.0000000000
90735  -42.499  -60.402  -16.308 0.0000000000
90736  -42.949  -60.640  -16.874 0.0000000000
90737  -43.354  -61.498  -17.028 0.0000000000
90738  -43.369  -60.831  -17.499 0.0000000000
90739  -43.702  -60.396  -19.008 0.0000000000
90740  -43.857  -61.176  -18.586 0.0000000000
90741  -43.847  -61.282  -19.044 0.0000000000
90742  -43.709  -62.221  -18.983 0.0000000000
90743  -43.604  -61.396  -19.353 0.0000000000
90744  -43.203  -61.604  -19.490 0.0000000000
90745  -43.401  -60.713  -19.590 0.0000000000
90747  -42.771  -59.226  -19.999 0.0000000000
90748  -42.454  -58.612  -20.143 0.0000000000
90749  -41.877  -58.827  -20.105 0.0000000000
92499  -40.046  -67.719  -17.623 0.0000000000
92500  -39.139  -67.940  -17.182 0.0000000000
92501  -40.077  -66.823  -17.761 0.0000000000
92502  -40.047  -65.927  -17.868 0.0000000000
92503  -39.963  -65.045  -17.981 0.0000000000
92504  -39.834  -64.354  -18.059 0.0000000000
92505  -40.746  -64.163  -18.481 0.0000000000
92506  -41.418  -63.163  -18.896 0.0000000000
92507  -41.943  -62.164  -19.284 0.0000000000
94619  -29.581  -70.165  -13.300 0.0000000000
94621  -29.653  -70.310  -12.477 0.0000000000
94625  -30.322  -69.733  -10.992 0.0000000000
94626  -30.491  -68.996  -11.077 0.0000000000
94627  -30.583  -68.308  -11.105 0.0000000000
94628  -30.661  -67.695  -11.169 0.0000000000
94629  -30.536  -67.609  -11.956 0.0000000000
94630  -30.367  -66.944  -12.730 0.0000000000
94631  -30.123  -66.233  -13.442 0.0000000000
97570  -46.377  -65.525  -4.463 0.0000000000
97571  -45.851  -65.860  -4.401 0.0000000000
97572  -46.177  -65.724  -4.670 0.0000000000
97573  -46.047  -65.958  -4.902 0.0000000000
97574  -45.918  -66.159  -5.110 0.0000000000
97575  -40.561  -67.381  -6.247 0.0000000000
97576  -40.908  -67.824  -6.201 0.0000000000
97577  -40.612  -68.324  -6.568 0.0000000000
97578  -40.773  -69.298  -6.881 0.0000000000
97579  -41.030  -70.255  -7.240 0.0000000000
97580  -41.366  -71.105  -7.617 0.0000000000
97581  -40.924  -70.772  -7.698 0.0000000000
97582  -40.882  -71.287  -8.032 0.0000000000
97583  -40.805  -71.763  -8.418 0.0000000000
97584  -40.816  -72.266  -8.886 0.0000000000
97585  -40.499  -71.456  -8.511 0.0000000000
97586  -40.201  -70.954  -8.642 0.0000000000
97587  -39.924  -70.479  -8.779 0.0000000000
97588  -40.058  -61.599  -9.644 0.0000000000
97589  -40.062  -62.596  -9.991 0.0000000000
97590  -40.202  -62.044  -10.299 0.0000000000
97591  -40.409  -62.349  -10.906 0.0000000000
97592  -40.641  -62.783  -11.536 0.0000000000
97593  -40.800  -63.201  -12.196 0.0000000000
97594  -40.707  -62.269  -11.868 0.0000000000
97595  -40.751  -61.739  -12.161 0.0000000000
97596  -40.806  -61.278  -12.458 0.0000000000
98939  -35.613  -68.368  -15.621 0.0000000000
98940  -34.700  -69.249  -15.413 0.0000000000
98941  -34.630  -68.536  -15.331 0.0000000000
98942  -33.815  -68.718  -15.162 0.0000000000
98943  -32.943  -69.027  -15.122 0.0000000000
98944  -32.123  -69.231  -15.051 0.0000000000
98945  -33.030  -68.254  -15.104 0.0000000000
98946  -33.062  -67.498  -15.113 0.0000000000
98947  -33.061  -66.822  -15.187 0.0000000000
98948  -33.005  -66.190  -15.241 0.0000000000
98949  -33.851  -65.965  -15.193 0.0000000000
98950  -34.608  -65.160  -15.232 0.0000000000
98951  -35.407  -64.198  -15.337 0.0000000000
98952  -38.943  -61.499  -18.070 0.0000000000
98953  -38.258  -61.742  -17.396 0.0000000000
98954  -38.696  -60.826  -18.085 0.0000000000
98955  -38.442  -60.123  -18.099 0.0000000000
98956  -38.226  -59.523  -18.102 0.0000000000
98957  -38.005  -58.870  -18.140 0.0000000000
98958  -38.540  -58.678  -18.759 0.0000000000
101890  -46.772  -63.221  -5.737 0.0000000000
101891  -46.354  -63.584  -5.676 0.0000000000
101892  -46.301  -63.187  -5.780 0.0000000000
101893  -45.753  -63.105  -5.777 0.0000000000
101894  -45.131  -63.034  -5.746 0.0000000000
101895  -43.682  -61.375  -5.536 0.0000000000
101896  -43.725  -61.848  -5.471 0.0000000000
101897  -43.054  -61.832  -5.338 0.0000000000
101898  -42.459  -62.382  -5.249 0.0000000000
101899  -41.937  -63.019  -5.212 0.0000000000
101900  -41.496  -63.709  -5.266 0.0000000000
101901  -41.393  -63.228  -5.280 0.0000000000
101902  -40.815  -63.591  -5.448 0.0000000000
101903  -40.316  -63.907  -5.701 0.0000000000
101904  -39.942  -64.322  -6.060 0.0000000000
101905  -40.248  -63.391  -5.768 0.0000000000
101906  -40.194  -62.900  -5.854 0.0000000000
101907  -40.179  -62.348  -5.917 0.0000000000
101913  -40.075  -60.045  -7.172 0.0000000000
105129  -48.517  -64.907  -4.445 0.0000000000
105324  -30.654  -64.996  -11.655 0.0000000000
105325  -30.842  -64.895  -11.022 0.0000000000
105326  -30.581  -64.337  -11.845 0.0000000000
105327  -30.467  -63.705  -11.926 0.0000000000
105333  -32.483  -63.692  -15.450 0.0000000000
105334  -31.665  -63.987  -15.448 0.0000000000
105335  -32.313  -63.104  -15.471 0.0000000000
105336  -32.083  -62.564  -15.544 0.0000000000
105337  -31.885  -62.045  -15.609 0.0000000000
107783  -39.105  -72.552  -16.703 0.0000000000
107784  -39.308  -71.935  -16.875 0.0000000000
107785  -39.494  -71.347  -17.067 0.0000000000
107786  -39.645  -70.716  -17.141 0.0000000000
107787  -40.476  -70.379  -17.329 0.0000000000
107788  -41.257  -69.391  -17.530 0.0000000000
107789  -41.983  -68.414  -17.682 0.0000000000
114153  -44.362  -67.660  -4.332 0.0000000000
114154  -43.883  -67.868  -4.128 0.0000000000
114155  -44.074  -68.246  -4.345 0.0000000000
114156  -43.831  -68.851  -4.368 0.0000000000
114157  -43.556  -69.468  -4.379 0.0000000000
114158  -43.307  -70.144  -4.414 0.0000000000
114159  -43.678  -69.865  -4.575 0.0000000000
114160  -43.876  -70.213  -4.817 0.0000000000
114161  -44.065  -70.582  -5.030 0.0000000000
114162  -44.692  -65.113  -5.569 0.0000000000
114163  -44.931  -65.592  -5.631 0.0000000000
114164  -44.383  -65.658  -5.559 0.0000000000
114165  -44.177  -66.199  -5.593 0.0000000000
114166  -44.015  -66.737  -5.666 0.0000000000
114167  -42.800  -69.321  -6.064 0.0000000000
114168  -43.177  -68.866  -5.890 0.0000000000
114169  -43.250  -69.614  -6.029 0.0000000000
114170  -43.724  -69.922  -6.033 0.0000000000
114171  -44.151  -70.189  -6.029 0.0000000000
114172  -44.482  -70.502  -5.935 0.0000000000
114173  -44.381  -70.880  -6.188 0.0000000000
114174  -44.616  -71.604  -6.366 0.0000000000
114201  -39.961  -73.046  -11.915 0.0000000000
114202  -39.126  -66.186  -7.960 0.0000000000
114203  -39.205  -67.372  -8.368 0.0000000000
114204  -39.133  -66.741  -8.510 0.0000000000
114205  -39.199  -67.273  -9.070 0.0000000000
114206  -39.273  -67.765  -9.555 0.0000000000
114207  -40.286  -66.691  -11.198 0.0000000000
114208  -39.997  -67.311  -10.941 0.0000000000
114209  -40.208  -67.619  -11.336 0.0000000000
114210  -40.113  -68.372  -11.570 0.0000000000
114211  -40.096  -69.173  -11.853 0.0000000000
114212  -40.128  -69.998  -12.115 0.0000000000
114213  -40.336  -69.415  -12.378 0.0000000000
114214  -40.592  -69.731  -12.926 0.0000000000
114215  -40.781  -70.130  -13.436 0.0000000000
114216  -40.954  -70.679  -14.043 0.0000000000
114217  -40.957  -69.665  -13.802 0.0000000000
114218  -41.112  -69.154  -14.150 0.0000000000
114219  -41.249  -68.644  -14.455 0.0000000000
114220  -41.636  -64.911  -14.610 0.0000000000
114221  -41.693  -65.763  -14.776 0.0000000000
114222  -41.987  -65.127  -15.138 0.0000000000
114223  -42.334  -65.454  -15.728 0.0000000000
114224  -42.703  -65.760  -16.248 0.0000000000
114225  -43.043  -66.080  -16.746 0.0000000000
114226  -43.108  -65.034  -16.598 0.0000000000
114227  -43.485  -64.301  -16.912 0.0000000000
114228  -43.719  -63.540  -17.247 0.0000000000
114347  -43.324  -60.165  -17.966 0.0000000000
114349  -43.484  -59.432  -18.908 0.0000000000
114350  -43.501  -59.553  -19.411 0.0000000000
114351  -43.420  -59.702  -19.705 0.0000000000
114352  -43.292  -58.826  -19.617 0.0000000000
115989  -36.152  -71.535  -16.090 0.0000000000
115990  -35.353  -71.532  -15.786 0.0000000000
115991  -36.206  -70.781  -16.131 0.0000000000
115992  -36.289  -69.988  -16.124 0.0000000000
115993  -36.419  -69.137  -16.073 0.0000000000
115994  -38.253  -68.030  -16.815 0.0000000000
115995  -37.396  -68.163  -16.390 0.0000000000
115996  -36.508  -68.254  -15.998 0.0000000000
115997  -36.519  -67.452  -15.937 0.0000000000
115998  -36.475  -66.672  -15.892 0.0000000000
115999  -36.419  -65.898  -15.873 0.0000000000
116000  -36.385  -65.225  -15.855 0.0000000000
116001  -37.250  -64.967  -16.319 0.0000000000
116002  -37.988  -64.117  -16.840 0.0000000000
116003  -38.662  -63.168  -17.436 0.0000000000
116004  -39.656  -63.612  -18.072 0.0000000000
116005  -39.446  -62.897  -18.061 0.0000000000
116006  -39.178  -62.163  -18.054 0.0000000000
116007  -39.702  -61.205  -18.674 0.0000000000
116008  -40.168  -60.276  -19.236 0.0000000000
116009  -40.593  -59.436  -19.655 0.0000000000
118296  -43.632  -60.894  -5.590 0.0000000000
118297  -42.997  -60.888  -5.389 0.0000000000
118298  -42.356  -60.946  -5.269 0.0000000000
118299  -41.756  -61.029  -5.285 0.0000000000
118300  -42.406  -60.404  -5.329 0.0000000000
120954  -30.438  -68.920  -7.999 0.0000000000
120955  -30.649  -68.115  -8.167 0.0000000000
120956  -30.802  -67.432  -8.321 0.0000000000
120957  -30.829  -67.496  -8.982 0.0000000000
120958  -30.876  -66.867  -9.828 0.0000000000
120959  -30.855  -66.210  -10.717 0.0000000000
120960  -30.709  -67.009  -11.258 0.0000000000
120961  -30.722  -66.330  -11.405 0.0000000000
120962  -30.698  -65.675  -11.503 0.0000000000
120963  -30.381  -65.050  -12.263 0.0000000000
120964  -30.078  -64.510  -12.982 0.0000000000
120965  -29.742  -63.916  -13.670 0.0000000000
120966  -35.248  -59.929  -15.335 0.0000000000
120967  -34.318  -60.254  -15.169 0.0000000000
120968  -34.990  -59.317  -15.369 0.0000000000
122875  -40.352  -72.084  -16.659 0.0000000000
122876  -41.093  -71.119  -16.704 0.0000000000
127825  -44.572  -66.498  -3.756 0.0000000000
127826  -44.618  -66.797  -4.039 0.0000000000
127827  -45.404  -66.278  -4.340 0.0000000000
127828  -45.059  -66.671  -4.324 0.0000000000
127829  -44.708  -67.135  -4.333 0.0000000000
127830  -44.842  -67.476  -4.582 0.0000000000
127831  -45.077  -67.802  -4.819 0.0000000000
127832  -45.102  -68.074  -5.089 0.0000000000
127833  -42.518  -65.686  -5.385 0.0000000000
127834  -42.849  -66.168  -5.501 0.0000000000
127835  -42.362  -66.442  -5.504 0.0000000000
127836  -42.198  -67.287  -5.650 0.0000000000
127837  -42.191  -68.183  -5.855 0.0000000000
127838  -41.308  -68.242  -6.143 0.0000000000
127839  -41.804  -68.687  -6.109 0.0000000000
127840  -42.305  -69.026  -6.092 0.0000000000
127841  -42.549  -69.802  -6.305 0.0000000000
127842  -42.768  -70.464  -6.604 0.0000000000
127843  -43.124  -71.260  -6.879 0.0000000000
127844  -43.463  -71.952  -7.240 0.0000000000
127845  -42.914  -71.795  -7.326 0.0000000000
127846  -42.781  -72.341  -7.828 0.0000000000
127847  -42.702  -72.807  -8.276 0.0000000000
127848  -41.771  -71.896  -7.989 0.0000000000
127849  -42.215  -72.644  -8.341 0.0000000000
127857  -40.950  -73.990  -9.993 0.0000000000
127858  -40.791  -72.705  -9.314 0.0000000000
127859  -40.722  -73.157  -9.700 0.0000000000
127860  -40.567  -73.601  -10.049 0.0000000000
127861  -40.237  -73.130  -10.113 0.0000000000
127862  -40.007  -72.621  -10.181 0.0000000000
127863  -39.830  -72.080  -10.300 0.0000000000
127864  -39.352  -63.989  -8.707 0.0000000000
127865  -39.258  -65.034  -9.084 0.0000000000
127866  -39.422  -64.410  -9.262 0.0000000000
127867  -39.617  -64.805  -9.845 0.0000000000
127868  -39.904  -65.221  -10.402 0.0000000000
127869  -40.077  -63.548  -10.286 0.0000000000
127870  -40.151  -64.584  -10.642 0.0000000000
127871  -40.260  -65.634  -10.960 0.0000000000
127872  -40.590  -66.044  -11.448 0.0000000000
127873  -40.807  -66.447  -11.956 0.0000000000
127874  -40.986  -66.686  -12.467 0.0000000000
127875  -41.130  -66.987  -13.007 0.0000000000
127876  -41.086  -66.177  -12.867 0.0000000000
127877  -41.152  -65.651  -13.265 0.0000000000
127878  -41.237  -65.068  -13.661 0.0000000000
127879  -40.916  -63.728  -12.793 0.0000000000
127880  -41.115  -64.166  -13.421 0.0000000000
127881  -41.379  -64.493  -14.047 0.0000000000
127882  -41.564  -63.918  -14.374 0.0000000000
127883  -41.790  -63.303  -14.679 0.0000000000
127884  -42.029  -62.597  -14.973 0.0000000000
130793  -33.793  -70.191  -15.222 0.0000000000
130801  -29.739  -70.712  -14.037 0.0000000000
130802  -31.267  -69.424  -14.931 0.0000000000
130803  -30.467  -69.701  -14.579 0.0000000000
130804  -29.875  -70.014  -14.019 0.0000000000
130805  -30.021  -69.238  -14.005 0.0000000000
130806  -30.146  -68.517  -14.029 0.0000000000
130807  -30.218  -67.817  -14.050 0.0000000000
130808  -30.191  -67.185  -14.048 0.0000000000
130809  -30.541  -66.916  -14.594 0.0000000000
130810  -31.225  -65.961  -14.984 0.0000000000
130811  -31.933  -65.180  -15.273 0.0000000000
130812  -32.923  -65.546  -15.290 0.0000000000
130813  -32.874  -64.862  -15.324 0.0000000000
130814  -32.688  -64.287  -15.400 0.0000000000
130815  -33.370  -63.389  -15.246 0.0000000000
130816  -34.053  -62.583  -15.110 0.0000000000
130817  -34.752  -61.512  -15.098 0.0000000000
130818  -36.330  -64.584  -15.808 0.0000000000
130819  -36.257  -63.955  -15.698 0.0000000000
130820  -36.167  -63.280  -15.589 0.0000000000
130821  -37.620  -62.012  -16.729 0.0000000000
130822  -36.920  -62.306  -16.042 0.0000000000
130823  -36.047  -62.576  -15.471 0.0000000000
130824  -35.902  -61.912  -15.411 0.0000000000
130825  -35.717  -61.243  -15.380 0.0000000000
130826  -35.485  -60.579  -15.348 0.0000000000
130827  -36.068  -59.630  -15.865 0.0000000000
130828  -36.551  -58.750  -16.632 0.0000000000
130830  -37.793  -58.231  -18.191 0.0000000000
137020  -46.866  -64.555  -5.180 0.0000000000
137021  -46.509  -64.913  -5.221 0.0000000000
137022  -46.530  -64.618  -5.349 0.0000000000
137023  -46.082  -64.709  -5.455 0.0000000000
137024  -45.637  -64.743  -5.559 0.0000000000
137025  -45.928  -63.997  -5.608 0.0000000000
137026  -45.501  -64.340  -5.603 0.0000000000
137027  -45.090  -64.676  -5.604 0.0000000000
137028  -44.505  -64.671  -5.521 0.0000000000
137029  -43.953  -64.764  -5.470 0.0000000000
137030  -43.342  -64.857  -5.401 0.0000000000
137031  -45.611  -62.259  -5.971 0.0000000000
137032  -45.057  -62.581  -5.827 0.0000000000
137033  -44.525  -62.881  -5.624 0.0000000000
137034  -43.782  -62.306  -5.402 0.0000000000
137035  -43.872  -62.736  -5.432 0.0000000000
137036  -43.983  -63.291  -5.438 0.0000000000
137037  -43.489  -63.802  -5.342 0.0000000000
137038  -43.093  -64.352  -5.323 0.0000000000
137039  -42.749  -64.992  -5.363 0.0000000000
137040  -42.203  -65.260  -5.348 0.0000000000
137041  -41.622  -65.542  -5.481 0.0000000000
137042  -41.069  -65.979  -5.695 0.0000000000
137043  -41.105  -64.584  -5.450 0.0000000000
137044  -40.817  -65.507  -5.698 0.0000000000
137045  -40.631  -66.432  -5.958 0.0000000000
137046  -40.284  -66.872  -6.258 0.0000000000
137047  -40.047  -67.372  -6.613 0.0000000000
137048  -39.804  -67.872  -7.078 0.0000000000
137049  -39.706  -68.465  -7.588 0.0000000000
137050  -39.599  -67.416  -7.200 0.0000000000
137051  -39.416  -66.843  -7.272 0.0000000000
137052  -39.271  -66.230  -7.356 0.0000000000
137053  -39.612  -64.731  -6.440 0.0000000000
137054  -39.356  -65.172  -6.960 0.0000000000
137055  -39.206  -65.661  -7.470 0.0000000000
137056  -39.169  -65.118  -7.580 0.0000000000
137057  -39.160  -64.608  -7.725 0.0000000000
137058  -39.202  -64.084  -7.923 0.0000000000
137059  -41.160  -61.241  -5.463 0.0000000000
137060  -40.614  -61.492  -5.701 0.0000000000
137061  -40.185  -61.788  -6.023 0.0000000000
137062  -40.701  -60.394  -5.839 0.0000000000
137063  -40.220  -61.229  -6.134 0.0000000000
137064  -39.797  -62.197  -6.469 0.0000000000
137065  -39.555  -62.626  -6.966 0.0000000000
137066  -39.394  -63.043  -7.523 0.0000000000
137067  -39.340  -63.529  -8.108 0.0000000000
137068  -39.458  -62.988  -8.297 0.0000000000
137069  -39.587  -62.401  -8.502 0.0000000000
137070  -39.753  -61.721  -8.741 0.0000000000
137071  -39.860  -60.377  -7.742 0.0000000000
137072  -39.793  -60.801  -8.372 0.0000000000
137073  -39.901  -61.184  -9.026 0.0000000000
137074  -40.030  -60.703  -9.324 0.0000000000
137075  -40.146  -60.125  -9.629 0.0000000000
143640  -46.041  -65.546  -4.016 0.0000000000
143642  -46.638  -65.417  -4.180 0.0000000000
143643  -46.567  -65.491  -4.303 0.0000000000
143644  -46.894  -65.335  -4.547 0.0000000000
143645  -47.116  -65.103  -4.764 0.0000000000
143646  -47.242  -64.803  -4.958 0.0000000000
143667  -48.757  -64.728  -4.666 0.0000000000
143669  -48.922  -64.474  -4.811 0.0000000000
143670  -48.450  -64.753  -4.801 0.0000000000
143671  -48.074  -64.680  -4.923 0.0000000000
143672  -47.701  -64.581  -5.026 0.0000000000
143673  -47.253  -64.507  -5.064 0.0000000000
143674  -47.279  -64.176  -5.164 0.0000000000
143675  -47.306  -63.847  -5.282 0.0000000000
143676  -47.323  -63.579  -5.396 0.0000000000
143679  -47.269  -63.235  -5.618 0.0000000000
144042  -30.931  -66.636  -8.544 0.0000000000
144043  -31.060  -65.878  -8.793 0.0000000000
144045  -31.057  -64.807  -10.445 0.0000000000
144060  -30.151  -66.560  -14.080 0.0000000000
144061  -30.125  -66.029  -14.083 0.0000000000
144062  -29.990  -65.476  -14.136 0.0000000000
144063  -30.900  -64.299  -15.251 0.0000000000
144064  -30.120  -64.702  -14.803 0.0000000000
144065  -29.899  -64.957  -14.185 0.0000000000
144066  -29.799  -64.457  -14.246 0.0000000000
144067  -29.660  -63.930  -14.312 0.0000000000
144068  -29.504  -63.322  -14.387 0.0000000000
144069  -33.363  -60.730  -15.288 0.0000000000
144070  -32.515  -61.121  -15.487 0.0000000000
144071  -31.707  -61.546  -15.681 0.0000000000
144072  -32.057  -59.975  -15.757 0.0000000000
144073  -31.500  -60.958  -15.753 0.0000000000
144074  -30.920  -61.879  -15.753 0.0000000000
144075  -30.123  -62.255  -15.514 0.0000000000
144076  -29.561  -62.556  -15.032 0.0000000000
144077  -29.356  -62.665  -14.492 0.0000000000
144078  -29.224  -61.981  -14.598 0.0000000000
144079  -29.058  -61.330  -14.659 0.0000000000
148997  -36.047  -72.175  -16.007 0.0000000000
148998  -37.004  -71.333  -16.420 0.0000000000
148999  -37.985  -70.483  -16.786 0.0000000000
149000  -39.023  -69.542  -17.089 0.0000000000
149001  -39.807  -70.012  -17.227 0.0000000000
149002  -39.944  -69.256  -17.334 0.0000000000
149003  -39.986  -68.453  -17.474 0.0000000000
149004  -40.906  -67.447  -17.988 0.0000000000
149005  -41.689  -66.368  -18.368 0.0000000000
149006  -42.468  -65.368  -18.609 0.0000000000
161758  -43.121  -70.844  -4.444 0.0000000000
161759  -42.894  -71.634  -4.375 0.0000000000
161764  -46.197  -65.365  -5.227 0.0000000000
161765  -45.921  -65.830  -5.226 0.0000000000
161766  -45.659  -66.288  -5.321 0.0000000000
161767  -45.163  -65.983  -5.621 0.0000000000
161768  -45.350  -66.357  -5.542 0.0000000000
161769  -45.487  -66.720  -5.401 0.0000000000
161770  -45.360  -67.221  -5.408 0.0000000000
161771  -45.196  -67.759  -5.372 0.0000000000
161772  -45.001  -68.297  -5.347 0.0000000000
161773  -43.189  -66.565  -5.567 0.0000000000
161774  -43.555  -66.943  -5.627 0.0000000000
161775  -43.966  -67.372  -5.737 0.0000000000
161776  -43.496  -68.467  -5.827 0.0000000000
161777  -43.844  -68.076  -5.797 0.0000000000
161778  -44.298  -67.780  -5.751 0.0000000000
161779  -44.588  -68.154  -5.708 0.0000000000
161780  -44.838  -68.522  -5.592 0.0000000000
161781  -44.847  -68.924  -5.295 0.0000000000
161782  -44.724  -69.603  -5.241 0.0000000000
161783  -44.506  -70.252  -5.240 0.0000000000
161784  -44.299  -70.936  -5.219 0.0000000000
161785  -44.720  -70.883  -5.727 0.0000000000
161786  -44.540  -71.260  -5.489 0.0000000000
161787  -44.129  -71.596  -5.241 0.0000000000
161788  -43.923  -72.300  -5.289 0.0000000000
161800  -43.771  -72.622  -7.679 0.0000000000
161845  -39.708  -68.970  -7.997 0.0000000000
161846  -39.733  -69.511  -8.476 0.0000000000
161847  -39.688  -69.984  -8.913 0.0000000000
161848  -39.343  -68.429  -8.745 0.0000000000
161849  -39.484  -69.426  -9.005 0.0000000000
161850  -39.688  -70.448  -9.284 0.0000000000
161851  -39.688  -70.929  -9.700 0.0000000000
161852  -39.667  -71.249  -10.086 0.0000000000
161853  -39.704  -71.512  -10.457 0.0000000000
161854  -39.269  -66.047  -9.467 0.0000000000
161855  -39.354  -67.160  -9.769 0.0000000000
161856  -39.437  -68.231  -10.042 0.0000000000
161857  -39.749  -67.914  -10.711 0.0000000000
161858  -39.542  -68.548  -10.498 0.0000000000
161859  -39.474  -69.170  -10.271 0.0000000000
161860  -39.498  -70.070  -10.494 0.0000000000
161861  -39.649  -70.910  -10.676 0.0000000000
161862  -39.727  -71.750  -10.865 0.0000000000
161863  -39.851  -71.996  -11.264 0.0000000000
161864  -39.957  -72.227  -11.735 0.0000000000
161865  -40.098  -72.443  -12.190 0.0000000000
161866  -40.208  -70.915  -12.289 0.0000000000
161867  -40.265  -71.854  -12.452 0.0000000000
161873  -40.565  -72.975  -15.058 0.0000000000
161874  -40.824  -72.497  -15.464 0.0000000000
161875  -41.070  -71.156  -14.651 0.0000000000
161876  -41.145  -71.571  -15.307 0.0000000000
161877  -41.019  -71.997  -15.800 0.0000000000
161878  -41.202  -71.444  -16.090 0.0000000000
161879  -41.382  -70.861  -16.356 0.0000000000
161880  -41.578  -70.312  -16.618 0.0000000000
161881  -41.220  -67.376  -13.574 0.0000000000
161882  -41.342  -67.775  -14.173 0.0000000000
161883  -41.475  -68.180  -14.744 0.0000000000
161884  -41.742  -66.749  -14.933 0.0000000000
161885  -41.739  -67.654  -15.105 0.0000000000
161886  -41.731  -68.609  -15.356 0.0000000000
161887  -41.917  -68.946  -15.971 0.0000000000
161888  -41.925  -69.354  -16.415 0.0000000000
161889  -41.862  -69.651  -16.898 0.0000000000
161890  -42.129  -68.966  -17.170 0.0000000000
161891  -42.319  -68.249  -17.440 0.0000000000
161892  -42.562  -67.448  -17.723 0.0000000000
161893  -43.192  -66.379  -17.246 0.0000000000
161894  -43.044  -66.582  -17.637 0.0000000000
161895  -42.765  -66.668  -18.007 0.0000000000
161896  -42.900  -65.974  -18.274 0.0000000000
161897  -42.970  -65.266  -18.532 0.0000000000
161898  -43.005  -64.485  -18.785 0.0000000000
162116  -40.610  -60.306  -12.195 0.0000000000
162117  -40.831  -60.683  -12.870 0.0000000000
162119  -40.814  -60.053  -13.316 0.0000000000
162120  -41.087  -61.081  -13.479 0.0000000000
162121  -41.413  -61.331  -14.082 0.0000000000
162122  -41.810  -61.540  -14.691 0.0000000000
162123  -42.252  -61.804  -15.347 0.0000000000
162130  -41.988  -60.166  -15.639 0.0000000000
162131  -42.411  -61.077  -15.799 0.0000000000
162132  -42.731  -62.002  -15.981 0.0000000000
162133  -43.218  -62.273  -16.576 0.0000000000
162134  -43.650  -62.417  -17.111 0.0000000000
162135  -43.880  -62.649  -17.680 0.0000000000
162136  -43.662  -61.023  -18.093 0.0000000000
162137  -43.920  -61.864  -18.137 0.0000000000
162138  -43.962  -62.966  -18.113 0.0000000000
162139  -43.741  -63.129  -18.574 0.0000000000
162140  -43.460  -63.316  -18.856 0.0000000000
162141  -42.955  -63.509  -19.059 0.0000000000
162142  -42.825  -62.665  -19.258 0.0000000000
162143  -42.634  -61.874  -19.429 0.0000000000
162144  -42.368  -61.109  -19.592 0.0000000000
162145  -43.102  -59.947  -19.812 0.0000000000
162146  -42.750  -60.152  -19.887 0.0000000000
162147  -42.070  -60.383  -19.744 0.0000000000
162148  -41.781  -59.755  -19.864 0.0000000000
162149  -41.321  -59.184  -19.906 0.0000000000
