#!ascii label  , from subject  vox2ras=tkReg 
61
90733  -45.240  -57.871  -14.352 1.0000000000
22565  -42.052  -58.018  -16.968 0.0000000000
40391  -42.031  -59.520  -16.107 0.0000000000
90732  -42.547  -58.961  -17.233 0.0000000000
90734  -42.527  -59.789  -16.744 0.0000000000
162127  -41.665  -57.892  -16.306 0.0000000000
162128  -41.595  -58.666  -15.883 0.0000000000
10052  -42.993  -59.925  -17.362 0.0000000000
40390  -41.281  -57.743  -15.596 0.0000000000
90731  -41.367  -56.958  -15.935 0.0000000000
90735  -42.499  -60.402  -16.308 0.0000000000
90736  -42.949  -60.640  -16.874 0.0000000000
114343  -41.704  -57.056  -16.646 0.0000000000
114344  -41.989  -57.200  -17.289 0.0000000000
114345  -42.457  -58.127  -17.548 0.0000000000
114346  -42.945  -59.129  -17.789 0.0000000000
162126  -41.188  -58.454  -15.240 0.0000000000
162129  -41.556  -59.297  -15.507 0.0000000000
162130  -41.988  -60.166  -15.639 0.0000000000
5602  -41.406  -56.076  -16.275 0.0000000000
10051  -41.124  -59.134  -14.842 0.0000000000
22564  -41.998  -56.410  -17.580 0.0000000000
22566  -42.802  -58.284  -18.131 0.0000000000
40389  -41.968  -60.817  -15.171 0.0000000000
40392  -42.892  -61.292  -16.424 0.0000000000
53285  -42.403  -57.305  -17.865 0.0000000000
90728  -41.503  -59.979  -15.036 0.0000000000
90729  -41.120  -55.833  -15.612 0.0000000000
90730  -41.031  -56.638  -15.302 0.0000000000
90737  -43.354  -61.498  -17.028 0.0000000000
90738  -43.369  -60.831  -17.499 0.0000000000
114341  -40.843  -58.212  -14.589 0.0000000000
114342  -41.713  -56.249  -16.916 0.0000000000
114347  -43.324  -60.165  -17.966 0.0000000000
114348  -43.198  -59.384  -18.304 0.0000000000
162125  -40.925  -57.444  -14.963 0.0000000000
162131  -42.411  -61.077  -15.799 0.0000000000
22563  -40.576  -57.176  -14.256 0.0000000000
22567  -43.594  -60.252  -18.520 0.0000000000
28514  -40.860  -55.689  -14.934 0.0000000000
40393  -43.714  -61.756  -17.607 0.0000000000
53284  -42.375  -56.513  -18.169 0.0000000000
53286  -42.700  -57.467  -18.438 0.0000000000
53287  -43.037  -58.463  -18.638 0.0000000000
90724  -40.761  -58.843  -14.204 0.0000000000
90726  -41.081  -59.764  -14.399 0.0000000000
90727  -41.481  -60.672  -14.530 0.0000000000
114340  -40.446  -57.871  -13.904 0.0000000000
114349  -43.484  -59.432  -18.908 0.0000000000
127972  -40.969  -54.865  -15.221 0.0000000000
127973  -41.173  -55.074  -15.878 0.0000000000
127976  -41.448  -55.263  -16.542 0.0000000000
127977  -41.727  -55.457  -17.141 0.0000000000
127978  -41.993  -55.592  -17.773 0.0000000000
162122  -41.810  -61.540  -14.691 0.0000000000
162123  -42.252  -61.804  -15.347 0.0000000000
162124  -40.732  -56.435  -14.621 0.0000000000
162132  -42.731  -62.002  -15.981 0.0000000000
162133  -43.218  -62.273  -16.576 0.0000000000
162134  -43.650  -62.417  -17.111 0.0000000000
162136  -43.662  -61.023  -18.093 0.0000000000
