#!ascii label  , from subject  vox2ras=
817
90733  -45.240  -57.871  -14.352 1.0000000000
22565  -42.052  -58.018  -16.968 0.0000000000
40391  -42.031  -59.520  -16.107 0.0000000000
90732  -42.547  -58.961  -17.233 0.0000000000
90734  -42.527  -59.789  -16.744 0.0000000000
162127  -41.665  -57.892  -16.306 0.0000000000
162128  -41.595  -58.666  -15.883 0.0000000000
10052  -42.993  -59.925  -17.362 0.0000000000
40390  -41.281  -57.743  -15.596 0.0000000000
90731  -41.367  -56.958  -15.935 0.0000000000
90735  -42.499  -60.402  -16.308 0.0000000000
90736  -42.949  -60.640  -16.874 0.0000000000
114343  -41.704  -57.056  -16.646 0.0000000000
114344  -41.989  -57.200  -17.289 0.0000000000
114345  -42.457  -58.127  -17.548 0.0000000000
114346  -42.945  -59.129  -17.789 0.0000000000
162126  -41.188  -58.454  -15.240 0.0000000000
162129  -41.556  -59.297  -15.507 0.0000000000
162130  -41.988  -60.166  -15.639 0.0000000000
5602  -41.406  -56.076  -16.275 0.0000000000
10051  -41.124  -59.134  -14.842 0.0000000000
22564  -41.998  -56.410  -17.580 0.0000000000
22566  -42.802  -58.284  -18.131 0.0000000000
40389  -41.968  -60.817  -15.171 0.0000000000
40392  -42.892  -61.292  -16.424 0.0000000000
53285  -42.403  -57.305  -17.865 0.0000000000
90728  -41.503  -59.979  -15.036 0.0000000000
90729  -41.120  -55.833  -15.612 0.0000000000
90730  -41.031  -56.638  -15.302 0.0000000000
90737  -43.354  -61.498  -17.028 0.0000000000
90738  -43.369  -60.831  -17.499 0.0000000000
114341  -40.843  -58.212  -14.589 0.0000000000
114342  -41.713  -56.249  -16.916 0.0000000000
114347  -43.324  -60.165  -17.966 0.0000000000
114348  -43.198  -59.384  -18.304 0.0000000000
162125  -40.925  -57.444  -14.963 0.0000000000
162131  -42.411  -61.077  -15.799 0.0000000000
22563  -40.576  -57.176  -14.256 0.0000000000
22567  -43.594  -60.252  -18.520 0.0000000000
28514  -40.860  -55.689  -14.934 0.0000000000
40393  -43.714  -61.756  -17.607 0.0000000000
53284  -42.375  -56.513  -18.169 0.0000000000
53286  -42.700  -57.467  -18.438 0.0000000000
53287  -43.037  -58.463  -18.638 0.0000000000
90724  -40.761  -58.843  -14.204 0.0000000000
90726  -41.081  -59.764  -14.399 0.0000000000
90727  -41.481  -60.672  -14.530 0.0000000000
114340  -40.446  -57.871  -13.904 0.0000000000
114349  -43.484  -59.432  -18.908 0.0000000000
127972  -40.969  -54.865  -15.221 0.0000000000
127973  -41.173  -55.074  -15.878 0.0000000000
127976  -41.448  -55.263  -16.542 0.0000000000
127977  -41.727  -55.457  -17.141 0.0000000000
127978  -41.993  -55.592  -17.773 0.0000000000
162122  -41.810  -61.540  -14.691 0.0000000000
162123  -42.252  -61.804  -15.347 0.0000000000
162124  -40.732  -56.435  -14.621 0.0000000000
162132  -42.731  -62.002  -15.981 0.0000000000
162133  -43.218  -62.273  -16.576 0.0000000000
162134  -43.650  -62.417  -17.111 0.0000000000
162136  -43.662  -61.023  -18.093 0.0000000000
2490  -42.466  -62.855  -15.583 0.0000000000
2499  -42.685  -56.680  -18.674 0.0000000000
22500  -43.432  -63.311  -16.746 0.0000000000
22562  -40.440  -58.524  -13.546 0.0000000000
22568  -43.293  -58.578  -19.218 0.0000000000
28476  -41.607  -62.327  -14.367 0.0000000000
28515  -41.023  -54.065  -15.449 0.0000000000
28516  -41.473  -54.471  -16.758 0.0000000000
28517  -41.968  -54.782  -18.002 0.0000000000
40388  -41.090  -60.378  -13.948 0.0000000000
53220  -42.962  -63.138  -16.175 0.0000000000
53282  -40.344  -56.879  -13.584 0.0000000000
53283  -40.498  -56.184  -13.910 0.0000000000
53288  -42.908  -57.646  -18.914 0.0000000000
62882  -40.827  -53.824  -14.783 0.0000000000
62887  -41.751  -54.635  -17.355 0.0000000000
90725  -40.768  -59.431  -13.769 0.0000000000
90739  -43.702  -60.396  -19.008 0.0000000000
90740  -43.857  -61.176  -18.586 0.0000000000
114228  -43.719  -63.540  -17.247 0.0000000000
114339  -40.222  -57.582  -13.243 0.0000000000
114350  -43.501  -59.553  -19.411 0.0000000000
127884  -42.029  -62.597  -14.973 0.0000000000
127970  -40.644  -55.422  -14.242 0.0000000000
127971  -40.733  -54.600  -14.533 0.0000000000
127975  -41.206  -54.295  -16.121 0.0000000000
127979  -42.358  -55.742  -18.408 0.0000000000
162121  -41.413  -61.331  -14.082 0.0000000000
162135  -43.880  -62.649  -17.680 0.0000000000
162137  -43.920  -61.864  -18.137 0.0000000000
2498  -40.488  -55.146  -13.596 0.0000000000
10026  -43.824  -63.841  -17.706 0.0000000000
10053  -43.640  -60.426  -19.419 0.0000000000
22561  -40.152  -56.516  -12.932 0.0000000000
28513  -40.659  -53.556  -14.164 0.0000000000
40394  -43.957  -62.125  -18.602 0.0000000000
53216  -42.217  -63.546  -15.283 0.0000000000
53218  -42.706  -63.805  -15.841 0.0000000000
53219  -43.131  -64.007  -16.407 0.0000000000
53281  -40.326  -55.856  -13.283 0.0000000000
53289  -43.112  -57.916  -19.436 0.0000000000
53290  -42.828  -56.939  -19.124 0.0000000000
62819  -41.419  -62.985  -14.067 0.0000000000
62820  -41.273  -62.022  -13.709 0.0000000000
62881  -40.786  -52.819  -14.410 0.0000000000
62883  -40.930  -53.016  -15.103 0.0000000000
62885  -41.255  -53.429  -16.306 0.0000000000
62886  -41.475  -53.653  -16.922 0.0000000000
62888  -41.722  -53.804  -17.586 0.0000000000
62889  -41.906  -54.092  -18.160 0.0000000000
90536  -43.617  -64.600  -17.405 0.0000000000
90741  -43.847  -61.282  -19.044 0.0000000000
114227  -43.485  -64.301  -16.912 0.0000000000
114337  -40.059  -57.119  -12.577 0.0000000000
114338  -40.208  -58.178  -12.873 0.0000000000
114351  -43.420  -59.702  -19.705 0.0000000000
114352  -43.292  -58.826  -19.617 0.0000000000
127883  -41.790  -63.303  -14.679 0.0000000000
127969  -40.566  -54.368  -13.881 0.0000000000
127974  -41.089  -53.276  -15.674 0.0000000000
127980  -42.632  -55.996  -18.850 0.0000000000
127981  -42.307  -55.008  -18.558 0.0000000000
162118  -40.489  -59.131  -13.125 0.0000000000
162119  -40.814  -60.053  -13.316 0.0000000000
162120  -41.087  -61.081  -13.479 0.0000000000
162138  -43.962  -62.966  -18.113 0.0000000000
5580  -41.013  -61.684  -13.077 0.0000000000
5601  -41.015  -52.002  -14.658 0.0000000000
5603  -41.440  -52.788  -17.020 0.0000000000
10050  -40.059  -57.752  -12.147 0.0000000000
13282  -41.193  -52.360  -15.837 0.0000000000
22496  -41.947  -64.237  -14.974 0.0000000000
22498  -42.762  -64.713  -16.065 0.0000000000
22499  -43.348  -65.365  -17.087 0.0000000000
22569  -43.203  -59.039  -19.952 0.0000000000
22570  -42.952  -57.215  -19.611 0.0000000000
28475  -41.247  -63.618  -13.739 0.0000000000
28518  -42.509  -55.290  -19.006 0.0000000000
28519  -41.801  -53.423  -18.222 0.0000000000
40387  -40.575  -59.701  -12.656 0.0000000000
53217  -42.335  -64.466  -15.497 0.0000000000
53277  -40.480  -54.118  -13.259 0.0000000000
53279  -40.351  -54.812  -12.928 0.0000000000
53280  -40.201  -55.495  -12.563 0.0000000000
62818  -41.113  -62.594  -13.402 0.0000000000
62879  -41.032  -51.736  -14.034 0.0000000000
62880  -40.779  -52.490  -13.788 0.0000000000
62884  -41.252  -52.562  -16.418 0.0000000000
62890  -41.611  -53.119  -17.615 0.0000000000
90537  -43.436  -65.646  -17.592 0.0000000000
90538  -43.573  -64.943  -17.897 0.0000000000
90540  -43.682  -64.118  -18.184 0.0000000000
90717  -39.998  -56.749  -11.823 0.0000000000
90723  -40.239  -58.778  -12.471 0.0000000000
90742  -43.709  -62.221  -18.983 0.0000000000
90743  -43.604  -61.396  -19.353 0.0000000000
90745  -43.401  -60.713  -19.590 0.0000000000
97634  -41.080  -52.187  -15.257 0.0000000000
114226  -43.108  -65.034  -16.598 0.0000000000
114336  -40.076  -56.144  -12.193 0.0000000000
114353  -43.094  -58.137  -19.792 0.0000000000
127882  -41.564  -63.918  -14.374 0.0000000000
127968  -40.601  -53.262  -13.526 0.0000000000
127982  -42.115  -54.307  -18.689 0.0000000000
162117  -40.831  -60.683  -12.870 0.0000000000
162139  -43.741  -63.129  -18.574 0.0000000000
162145  -43.102  -59.947  -19.812 0.0000000000
162151  -42.740  -56.210  -19.322 0.0000000000
22557  -40.613  -52.977  -12.926 0.0000000000
22559  -40.337  -54.444  -12.239 0.0000000000
22560  -40.118  -55.739  -11.520 0.0000000000
28512  -41.105  -51.530  -13.445 0.0000000000
40313  -43.246  -65.866  -17.987 0.0000000000
40314  -43.509  -64.392  -18.581 0.0000000000
40395  -43.368  -62.375  -19.226 0.0000000000
40396  -42.986  -60.870  -19.699 0.0000000000
53278  -40.473  -53.752  -12.586 0.0000000000
62816  -40.926  -62.192  -12.786 0.0000000000
62817  -41.000  -63.185  -13.101 0.0000000000
62877  -41.256  -50.905  -14.220 0.0000000000
62878  -41.362  -50.712  -13.679 0.0000000000
90539  -43.404  -65.144  -18.302 0.0000000000
90718  -40.032  -56.391  -11.111 0.0000000000
90719  -40.005  -57.313  -11.453 0.0000000000
90721  -40.098  -58.336  -11.751 0.0000000000
90722  -40.323  -59.331  -12.028 0.0000000000
90744  -43.203  -61.604  -19.490 0.0000000000
90746  -42.882  -58.330  -20.061 0.0000000000
90747  -42.771  -59.226  -19.999 0.0000000000
90751  -42.269  -54.568  -19.128 0.0000000000
90752  -42.591  -55.538  -19.432 0.0000000000
97596  -40.806  -61.278  -12.458 0.0000000000
97633  -41.186  -51.132  -14.857 0.0000000000
97635  -41.204  -51.338  -15.392 0.0000000000
97636  -41.268  -51.492  -15.949 0.0000000000
97637  -41.262  -51.667  -16.457 0.0000000000
97638  -41.383  -52.017  -17.013 0.0000000000
114220  -41.636  -64.911  -14.610 0.0000000000
114222  -41.987  -65.127  -15.138 0.0000000000
114223  -42.334  -65.454  -15.728 0.0000000000
114224  -42.703  -65.760  -16.248 0.0000000000
114225  -43.043  -66.080  -16.746 0.0000000000
114335  -40.223  -55.094  -11.884 0.0000000000
114354  -42.927  -57.497  -19.962 0.0000000000
127880  -41.115  -64.166  -13.421 0.0000000000
127881  -41.379  -64.493  -14.047 0.0000000000
127967  -40.812  -52.244  -13.154 0.0000000000
127983  -41.911  -53.661  -18.720 0.0000000000
127984  -41.471  -52.401  -17.579 0.0000000000
127985  -41.630  -52.759  -18.133 0.0000000000
161893  -43.192  -66.379  -17.246 0.0000000000
161894  -43.044  -66.582  -17.637 0.0000000000
162116  -40.610  -60.306  -12.195 0.0000000000
162140  -43.460  -63.316  -18.856 0.0000000000
162146  -42.750  -60.152  -19.887 0.0000000000
162152  -42.782  -56.536  -19.733 0.0000000000
5579  -41.454  -65.449  -14.224 0.0000000000
5604  -41.983  -53.951  -19.151 0.0000000000
10025  -42.701  -66.786  -16.434 0.0000000000
10054  -42.565  -57.701  -20.155 0.0000000000
13259  -40.853  -62.715  -12.521 0.0000000000
13260  -40.577  -60.896  -11.845 0.0000000000
13280  -41.546  -49.887  -13.806 0.0000000000
13281  -41.266  -50.256  -14.922 0.0000000000
13283  -41.230  -50.684  -15.919 0.0000000000
13284  -41.259  -51.331  -16.960 0.0000000000
22497  -42.005  -66.119  -15.347 0.0000000000
28474  -41.084  -64.704  -13.082 0.0000000000
28520  -41.395  -52.064  -18.004 0.0000000000
40312  -42.843  -67.264  -17.331 0.0000000000
40385  -40.026  -56.967  -10.744 0.0000000000
40386  -40.161  -58.877  -11.361 0.0000000000
40397  -42.329  -59.477  -20.012 0.0000000000
40399  -42.585  -55.868  -19.824 0.0000000000
44002  -41.249  -50.504  -15.425 0.0000000000
62892  -41.269  -51.659  -17.474 0.0000000000
90529  -42.317  -66.456  -15.885 0.0000000000
90535  -42.888  -67.114  -16.893 0.0000000000
90720  -40.025  -57.911  -11.066 0.0000000000
90748  -42.454  -58.612  -20.143 0.0000000000
90753  -42.348  -54.882  -19.506 0.0000000000
97595  -40.751  -61.739  -12.161 0.0000000000
97632  -41.410  -50.042  -14.351 0.0000000000
97639  -41.250  -50.946  -16.423 0.0000000000
114221  -41.693  -65.763  -14.776 0.0000000000
114329  -40.983  -52.025  -12.608 0.0000000000
114331  -40.737  -52.696  -12.322 0.0000000000
114332  -40.582  -53.449  -11.976 0.0000000000
114333  -40.445  -54.175  -11.565 0.0000000000
114334  -40.352  -54.827  -11.232 0.0000000000
127878  -41.237  -65.068  -13.661 0.0000000000
127879  -40.916  -63.728  -12.793 0.0000000000
127964  -41.775  -49.736  -13.321 0.0000000000
127965  -41.551  -50.549  -13.147 0.0000000000
127966  -41.257  -51.309  -12.877 0.0000000000
127986  -41.697  -53.118  -18.635 0.0000000000
161892  -42.562  -67.448  -17.723 0.0000000000
161895  -42.765  -66.668  -18.007 0.0000000000
161896  -42.900  -65.974  -18.274 0.0000000000
161897  -42.970  -65.266  -18.532 0.0000000000
161898  -43.005  -64.485  -18.785 0.0000000000
162109  -40.251  -55.420  -10.896 0.0000000000
162110  -40.179  -56.002  -10.520 0.0000000000
162115  -40.384  -59.902  -11.627 0.0000000000
162141  -42.955  -63.509  -19.059 0.0000000000
162142  -42.825  -62.665  -19.258 0.0000000000
162143  -42.634  -61.874  -19.429 0.0000000000
162144  -42.368  -61.109  -19.592 0.0000000000
162147  -42.070  -60.383  -19.744 0.0000000000
162153  -42.650  -56.824  -20.037 0.0000000000
40  -42.455  -64.640  -18.812 0.0000000000
2753  -41.705  -61.426  -19.417 0.0000000000
5600  -41.507  -51.141  -12.407 0.0000000000
8582  -42.124  -67.617  -17.946 0.0000000000
10049  -40.683  -53.845  -11.043 0.0000000000
10433  -42.134  -62.993  -19.116 0.0000000000
22558  -40.972  -52.509  -11.809 0.0000000000
28511  -42.066  -49.617  -12.852 0.0000000000
36008  -42.389  -66.082  -18.421 0.0000000000
40384  -40.486  -55.089  -10.319 0.0000000000
41153  -42.309  -63.820  -18.964 0.0000000000
43979  -40.544  -61.375  -11.557 0.0000000000
43980  -40.393  -60.491  -11.243 0.0000000000
44000  -41.444  -49.180  -14.343 0.0000000000
44001  -41.300  -49.425  -14.886 0.0000000000
44003  -41.231  -49.676  -15.327 0.0000000000
44004  -41.170  -49.975  -15.820 0.0000000000
54338  -41.383  -60.708  -19.520 0.0000000000
62814  -41.070  -65.261  -12.719 0.0000000000
62815  -40.874  -64.195  -12.484 0.0000000000
62876  -42.255  -48.701  -13.024 0.0000000000
62891  -41.150  -50.652  -16.843 0.0000000000
62893  -41.129  -51.016  -17.327 0.0000000000
62894  -41.126  -51.424  -17.829 0.0000000000
79808  -42.260  -66.823  -18.212 0.0000000000
90526  -41.324  -65.970  -13.833 0.0000000000
90528  -41.516  -66.357  -14.403 0.0000000000
90530  -42.018  -67.084  -15.495 0.0000000000
90531  -42.340  -67.435  -16.075 0.0000000000
90533  -42.557  -67.803  -16.562 0.0000000000
90534  -42.610  -68.009  -17.046 0.0000000000
90710  -40.806  -53.195  -11.432 0.0000000000
90716  -40.566  -54.471  -10.686 0.0000000000
90749  -41.877  -58.827  -20.105 0.0000000000
90750  -42.089  -57.943  -20.220 0.0000000000
92507  -41.943  -62.164  -19.284 0.0000000000
97593  -40.800  -63.201  -12.196 0.0000000000
97594  -40.707  -62.269  -11.868 0.0000000000
97630  -41.905  -48.861  -13.447 0.0000000000
97631  -41.642  -49.046  -13.848 0.0000000000
97640  -41.166  -50.271  -16.304 0.0000000000
107789  -41.983  -68.414  -17.682 0.0000000000
114330  -41.240  -51.856  -12.114 0.0000000000
114355  -41.702  -53.384  -19.099 0.0000000000
114356  -42.023  -54.247  -19.543 0.0000000000
127877  -41.152  -65.651  -13.265 0.0000000000
127963  -41.805  -50.423  -12.658 0.0000000000
127987  -41.437  -52.416  -18.484 0.0000000000
149006  -42.468  -65.368  -18.609 0.0000000000
161884  -41.742  -66.749  -14.933 0.0000000000
161891  -42.319  -68.249  -17.440 0.0000000000
162108  -40.450  -55.684  -9.912 0.0000000000
162111  -40.169  -56.575  -10.112 0.0000000000
162112  -40.060  -57.516  -10.400 0.0000000000
162113  -40.091  -58.475  -10.663 0.0000000000
162114  -40.178  -59.421  -10.967 0.0000000000
162148  -41.781  -59.755  -19.864 0.0000000000
162154  -42.227  -55.130  -19.839 0.0000000000
162155  -42.332  -56.142  -20.086 0.0000000000
162156  -42.252  -57.145  -20.243 0.0000000000
618  -40.248  -60.061  -10.617 0.0000000000
621  -41.264  -48.560  -14.853 0.0000000000
5578  -40.770  -63.718  -11.845 0.0000000000
5599  -42.397  -47.875  -13.161 0.0000000000
5605  -41.023  -49.929  -16.686 0.0000000000
10047  -40.416  -56.239  -9.532 0.0000000000
13258  -40.493  -61.856  -11.280 0.0000000000
13279  -41.704  -48.141  -13.921 0.0000000000
13285  -41.109  -49.252  -15.751 0.0000000000
18923  -41.809  -69.140  -17.434 0.0000000000
22571  -41.400  -52.832  -18.967 0.0000000000
22572  -41.875  -54.496  -19.829 0.0000000000
23387  -41.010  -60.022  -19.600 0.0000000000
28472  -41.048  -65.849  -12.346 0.0000000000
28473  -41.227  -66.509  -13.398 0.0000000000
28521  -40.889  -50.793  -17.618 0.0000000000
40309  -41.540  -67.317  -14.510 0.0000000000
40310  -41.978  -68.028  -15.687 0.0000000000
40311  -42.323  -68.734  -16.750 0.0000000000
40377  -40.101  -58.087  -10.014 0.0000000000
40398  -41.477  -58.213  -20.174 0.0000000000
40400  -41.935  -56.444  -20.259 0.0000000000
41149  -41.708  -65.622  -18.524 0.0000000000
41151  -41.667  -64.734  -18.684 0.0000000000
41152  -41.576  -63.928  -18.795 0.0000000000
43978  -40.378  -60.990  -10.932 0.0000000000
43999  -41.463  -48.342  -14.375 0.0000000000
44005  -41.185  -48.941  -15.283 0.0000000000
54334  -41.216  -62.380  -19.010 0.0000000000
54336  -40.942  -61.620  -19.116 0.0000000000
54337  -40.520  -60.919  -19.188 0.0000000000
62813  -40.923  -64.803  -12.114 0.0000000000
62874  -42.886  -47.807  -12.861 0.0000000000
62875  -42.688  -48.653  -12.634 0.0000000000
62895  -40.961  -50.364  -17.171 0.0000000000
79804  -41.403  -68.674  -17.749 0.0000000000
79806  -41.540  -67.915  -17.979 0.0000000000
79807  -41.651  -67.162  -18.198 0.0000000000
90527  -41.371  -66.903  -13.978 0.0000000000
90532  -42.228  -68.356  -16.264 0.0000000000
90698  -40.183  -57.168  -9.735 0.0000000000
90707  -42.188  -50.310  -12.209 0.0000000000
90709  -41.866  -51.027  -11.954 0.0000000000
90711  -41.355  -52.352  -11.306 0.0000000000
90712  -41.181  -52.998  -10.952 0.0000000000
90714  -41.066  -53.623  -10.565 0.0000000000
90715  -40.963  -54.202  -10.204 0.0000000000
90755  -41.966  -55.483  -20.114 0.0000000000
92506  -41.418  -63.163  -18.896 0.0000000000
97592  -40.641  -62.783  -11.536 0.0000000000
97629  -42.022  -48.000  -13.537 0.0000000000
97641  -41.044  -49.614  -16.210 0.0000000000
107788  -41.257  -69.391  -17.530 0.0000000000
114323  -40.796  -55.360  -9.415 0.0000000000
114357  -41.602  -53.640  -19.435 0.0000000000
127876  -41.086  -66.177  -12.867 0.0000000000
127962  -42.464  -49.508  -12.446 0.0000000000
127988  -41.120  -51.778  -18.275 0.0000000000
149005  -41.689  -66.368  -18.368 0.0000000000
161885  -41.739  -67.654  -15.105 0.0000000000
161890  -42.129  -68.966  -17.170 0.0000000000
162087  -40.156  -59.083  -10.311 0.0000000000
162100  -41.578  -51.682  -11.650 0.0000000000
162107  -40.871  -54.779  -9.830 0.0000000000
162149  -41.321  -59.184  -19.906 0.0000000000
162157  -41.762  -57.289  -20.273 0.0000000000
10429  -40.974  -66.687  -18.172 0.0000000000
10431  -40.890  -64.909  -18.423 0.0000000000
10432  -40.585  -63.436  -18.535 0.0000000000
18922  -40.653  -69.671  -17.470 0.0000000000
22553  -41.309  -54.557  -9.355 0.0000000000
23386  -40.036  -61.875  -18.647 0.0000000000
28509  -43.386  -47.844  -12.647 0.0000000000
28510  -42.914  -49.459  -12.186 0.0000000000
36007  -40.857  -68.205  -17.799 0.0000000000
40381  -42.283  -50.958  -11.604 0.0000000000
40382  -41.815  -52.214  -10.951 0.0000000000
40383  -41.501  -53.448  -10.126 0.0000000000
41150  -41.019  -65.807  -18.337 0.0000000000
43976  -40.244  -60.548  -10.265 0.0000000000
43977  -40.310  -61.502  -10.609 0.0000000000
49642  -41.113  -70.057  -17.335 0.0000000000
49643  -41.600  -69.794  -17.199 0.0000000000
53291  -41.072  -52.171  -18.706 0.0000000000
53292  -41.273  -53.101  -19.311 0.0000000000
54335  -40.354  -62.607  -18.597 0.0000000000
62809  -40.538  -63.307  -11.205 0.0000000000
62811  -40.691  -64.296  -11.506 0.0000000000
62812  -40.816  -65.419  -11.762 0.0000000000
79805  -40.793  -68.974  -17.604 0.0000000000
90694  -40.746  -55.932  -9.001 0.0000000000
90696  -40.395  -56.806  -9.159 0.0000000000
90697  -40.189  -57.736  -9.367 0.0000000000
90708  -42.604  -50.261  -11.907 0.0000000000
90713  -41.654  -52.876  -10.551 0.0000000000
90754  -41.617  -54.821  -20.062 0.0000000000
90756  -41.612  -55.727  -20.268 0.0000000000
90757  -41.465  -56.677  -20.303 0.0000000000
92505  -40.746  -64.163  -18.481 0.0000000000
97591  -40.409  -62.349  -10.906 0.0000000000
107787  -40.476  -70.379  -17.329 0.0000000000
114322  -41.202  -55.132  -8.930 0.0000000000
114358  -41.525  -53.889  -19.793 0.0000000000
116007  -39.702  -61.205  -18.674 0.0000000000
116008  -40.168  -60.276  -19.236 0.0000000000
116009  -40.593  -59.436  -19.655 0.0000000000
127873  -40.807  -66.447  -11.956 0.0000000000
127874  -40.986  -66.686  -12.467 0.0000000000
127875  -41.130  -66.987  -13.007 0.0000000000
127961  -43.164  -48.675  -12.360 0.0000000000
127989  -40.818  -51.216  -18.065 0.0000000000
137076  -40.174  -59.660  -9.963 0.0000000000
137155  -43.587  -47.074  -12.923 0.0000000000
137156  -43.032  -47.078  -13.086 0.0000000000
137159  -42.557  -47.083  -13.356 0.0000000000
137160  -42.137  -47.186  -13.686 0.0000000000
137161  -41.761  -47.305  -13.999 0.0000000000
137162  -41.509  -47.529  -14.421 0.0000000000
137163  -41.252  -47.867  -14.817 0.0000000000
149004  -40.906  -67.447  -17.988 0.0000000000
161881  -41.220  -67.376  -13.574 0.0000000000
161882  -41.342  -67.775  -14.173 0.0000000000
161883  -41.475  -68.180  -14.744 0.0000000000
161886  -41.731  -68.609  -15.356 0.0000000000
161887  -41.917  -68.946  -15.971 0.0000000000
161888  -41.925  -69.354  -16.415 0.0000000000
161889  -41.862  -69.651  -16.898 0.0000000000
162086  -40.157  -58.723  -9.623 0.0000000000
162101  -41.999  -51.609  -11.301 0.0000000000
162106  -41.394  -53.997  -9.748 0.0000000000
162150  -40.841  -58.586  -19.927 0.0000000000
162158  -41.133  -57.626  -20.169 0.0000000000
162169  -41.114  -48.230  -15.261 0.0000000000
162170  -41.017  -48.566  -15.716 0.0000000000
162171  -40.915  -48.941  -16.152 0.0000000000
162174  -40.803  -49.282  -16.620 0.0000000000
162175  -40.769  -49.711  -17.036 0.0000000000
162176  -40.657  -50.169  -17.482 0.0000000000
833  -40.195  -58.881  -19.639 0.0000000000
2000  -41.341  -70.477  -16.954 0.0000000000
2489  -40.915  -67.475  -12.658 0.0000000000
2500  -40.766  -51.540  -18.515 0.0000000000
10024  -41.484  -69.133  -15.013 0.0000000000
10055  -41.271  -55.034  -20.262 0.0000000000
13256  -40.185  -61.070  -9.935 0.0000000000
13257  -40.262  -62.915  -10.566 0.0000000000
14014  -39.409  -60.542  -18.699 0.0000000000
18921  -40.280  -71.055  -17.173 0.0000000000
22489  -40.523  -67.036  -11.616 0.0000000000
22495  -41.138  -68.196  -13.866 0.0000000000
22552  -41.156  -55.688  -8.522 0.0000000000
22573  -41.187  -53.305  -19.678 0.0000000000
28471  -40.499  -64.954  -11.210 0.0000000000
31908  -40.146  -59.260  -9.305 0.0000000000
31938  -43.800  -46.333  -13.226 0.0000000000
31939  -42.713  -46.341  -13.619 0.0000000000
31940  -41.884  -46.538  -14.231 0.0000000000
31941  -41.290  -47.149  -14.926 0.0000000000
40308  -41.677  -69.952  -16.143 0.0000000000
40376  -40.353  -57.389  -8.781 0.0000000000
40401  -40.806  -57.001  -20.159 0.0000000000
40405  -40.925  -47.899  -15.734 0.0000000000
40406  -40.612  -48.631  -16.582 0.0000000000
40407  -40.414  -49.501  -17.393 0.0000000000
44734  -39.828  -59.679  -19.260 0.0000000000
49641  -40.888  -70.734  -17.140 0.0000000000
53209  -40.715  -67.242  -12.085 0.0000000000
53215  -41.022  -67.824  -13.233 0.0000000000
53272  -41.838  -54.367  -8.966 0.0000000000
53273  -41.904  -53.836  -9.380 0.0000000000
53293  -40.931  -52.539  -19.159 0.0000000000
62810  -40.381  -63.952  -10.898 0.0000000000
70082  -44.335  -46.460  -13.149 0.0000000000
70087  -42.266  -46.430  -13.888 0.0000000000
90525  -41.615  -69.591  -15.655 0.0000000000
90695  -40.708  -56.480  -8.618 0.0000000000
90758  -41.115  -56.104  -20.252 0.0000000000
90767  -41.054  -47.529  -15.288 0.0000000000
90772  -40.512  -49.059  -16.985 0.0000000000
92499  -40.046  -67.719  -17.623 0.0000000000
92501  -40.077  -66.823  -17.761 0.0000000000
92502  -40.047  -65.927  -17.868 0.0000000000
92503  -39.963  -65.045  -17.981 0.0000000000
92504  -39.834  -64.354  -18.059 0.0000000000
97590  -40.202  -62.044  -10.299 0.0000000000
98952  -38.943  -61.499  -18.070 0.0000000000
107785  -39.494  -71.347  -17.067 0.0000000000
107786  -39.645  -70.716  -17.141 0.0000000000
114219  -41.249  -68.644  -14.455 0.0000000000
114321  -41.755  -54.929  -8.553 0.0000000000
114359  -41.270  -54.194  -20.018 0.0000000000
116004  -39.656  -63.612  -18.072 0.0000000000
116005  -39.446  -62.897  -18.061 0.0000000000
116006  -39.178  -62.163  -18.054 0.0000000000
127872  -40.590  -66.044  -11.448 0.0000000000
127959  -43.966  -47.938  -12.513 0.0000000000
127960  -43.683  -48.755  -12.228 0.0000000000
137075  -40.146  -60.125  -9.629 0.0000000000
137154  -44.142  -47.189  -12.800 0.0000000000
137158  -43.234  -46.308  -13.392 0.0000000000
137164  -41.571  -46.788  -14.536 0.0000000000
149001  -39.807  -70.012  -17.227 0.0000000000
149002  -39.944  -69.256  -17.334 0.0000000000
149003  -39.986  -68.453  -17.474 0.0000000000
161880  -41.578  -70.312  -16.618 0.0000000000
162085  -40.206  -58.341  -9.013 0.0000000000
162097  -43.424  -49.509  -11.980 0.0000000000
162098  -43.119  -50.292  -11.705 0.0000000000
162099  -42.815  -50.989  -11.380 0.0000000000
162102  -42.518  -51.638  -11.035 0.0000000000
162103  -42.313  -52.205  -10.632 0.0000000000
162104  -42.164  -52.773  -10.235 0.0000000000
162105  -42.000  -53.310  -9.789 0.0000000000
162159  -40.429  -57.945  -19.942 0.0000000000
162173  -40.777  -48.275  -16.163 0.0000000000
162177  -40.549  -50.641  -17.895 0.0000000000
1387  -44.514  -48.105  -12.485 0.0000000000
2497  -42.604  -53.221  -9.537 0.0000000000
2749  -39.087  -68.868  -17.140 0.0000000000
2751  -39.095  -65.255  -17.426 0.0000000000
2752  -38.480  -62.479  -17.406 0.0000000000
8581  -38.671  -71.486  -16.768 0.0000000000
10048  -43.348  -51.059  -11.301 0.0000000000
10430  -39.189  -67.013  -17.246 0.0000000000
22551  -42.447  -54.283  -8.683 0.0000000000
22556  -43.981  -49.691  -11.870 0.0000000000
23385  -38.794  -63.838  -17.466 0.0000000000
31937  -44.910  -46.639  -13.167 0.0000000000
36006  -38.938  -70.201  -17.018 0.0000000000
40380  -42.879  -52.214  -10.448 0.0000000000
44735  -39.123  -59.888  -18.738 0.0000000000
44736  -39.491  -59.156  -19.260 0.0000000000
44738  -39.838  -58.310  -19.611 0.0000000000
49639  -40.614  -71.432  -16.920 0.0000000000
49640  -40.049  -71.664  -16.982 0.0000000000
53210  -40.405  -67.792  -11.800 0.0000000000
53211  -40.611  -67.990  -12.348 0.0000000000
53213  -40.809  -68.296  -12.909 0.0000000000
53214  -40.942  -68.619  -13.571 0.0000000000
53271  -42.507  -53.757  -9.101 0.0000000000
53276  -44.233  -48.914  -12.171 0.0000000000
53294  -40.845  -52.760  -19.537 0.0000000000
53295  -40.618  -51.866  -18.977 0.0000000000
54327  -39.175  -66.106  -17.336 0.0000000000
54333  -38.978  -64.542  -17.477 0.0000000000
70019  -40.062  -59.802  -8.979 0.0000000000
70020  -40.168  -58.936  -8.657 0.0000000000
70081  -45.013  -45.921  -13.532 0.0000000000
70083  -44.498  -45.740  -13.540 0.0000000000
70085  -43.458  -45.556  -13.772 0.0000000000
70086  -42.910  -45.575  -13.959 0.0000000000
70088  -42.414  -45.667  -14.210 0.0000000000
70089  -42.021  -45.854  -14.452 0.0000000000
79797  -38.542  -72.114  -16.639 0.0000000000
79803  -38.785  -70.875  -16.919 0.0000000000
90521  -41.262  -69.630  -14.686 0.0000000000
90523  -41.464  -70.085  -15.381 0.0000000000
90524  -41.478  -70.523  -15.903 0.0000000000
90706  -43.086  -51.668  -10.882 0.0000000000
90759  -40.495  -56.325  -20.147 0.0000000000
90760  -40.784  -55.454  -20.275 0.0000000000
90766  -41.340  -46.467  -15.098 0.0000000000
90768  -41.048  -46.870  -15.427 0.0000000000
90770  -40.646  -47.569  -16.220 0.0000000000
90771  -40.446  -47.910  -16.585 0.0000000000
90773  -40.285  -48.369  -17.002 0.0000000000
92500  -39.139  -67.940  -17.182 0.0000000000
97588  -40.058  -61.599  -9.644 0.0000000000
97589  -40.062  -62.596  -9.991 0.0000000000
98953  -38.258  -61.742  -17.396 0.0000000000
98954  -38.696  -60.826  -18.085 0.0000000000
107784  -39.308  -71.935  -16.875 0.0000000000
114207  -40.286  -66.691  -11.198 0.0000000000
114209  -40.208  -67.619  -11.336 0.0000000000
114218  -41.112  -69.154  -14.150 0.0000000000
114319  -42.416  -54.829  -8.297 0.0000000000
114320  -41.716  -55.469  -8.163 0.0000000000
114328  -43.644  -50.397  -11.606 0.0000000000
114360  -40.939  -54.474  -20.231 0.0000000000
114361  -40.939  -53.597  -19.962 0.0000000000
116003  -38.662  -63.168  -17.436 0.0000000000
122876  -41.093  -71.119  -16.704 0.0000000000
127869  -40.077  -63.548  -10.286 0.0000000000
127870  -40.151  -64.584  -10.642 0.0000000000
127871  -40.260  -65.634  -10.960 0.0000000000
137074  -40.030  -60.703  -9.324 0.0000000000
137153  -44.699  -47.361  -12.818 0.0000000000
137157  -43.973  -45.627  -13.578 0.0000000000
137165  -41.661  -46.133  -14.752 0.0000000000
149000  -39.023  -69.542  -17.089 0.0000000000
161879  -41.382  -70.861  -16.356 0.0000000000
162082  -41.116  -56.218  -8.148 0.0000000000
162083  -40.681  -57.031  -8.227 0.0000000000
162084  -40.320  -57.981  -8.400 0.0000000000
162096  -42.739  -52.734  -10.001 0.0000000000
162160  -40.124  -57.370  -19.872 0.0000000000
162172  -40.866  -47.200  -15.823 0.0000000000
162184  -40.158  -48.846  -17.380 0.0000000000
162185  -40.297  -49.988  -17.827 0.0000000000
162186  -40.484  -50.959  -18.354 0.0000000000
5576  -39.878  -62.149  -9.395 0.0000000000
5577  -39.997  -66.273  -10.717 0.0000000000
7092  -40.286  -58.579  -8.062 0.0000000000
7105  -45.145  -45.201  -13.966 0.0000000000
7106  -43.132  -44.862  -14.351 0.0000000000
7107  -41.394  -45.813  -15.282 0.0000000000
10046  -42.390  -55.345  -7.917 0.0000000000
10057  -40.303  -47.236  -16.712 0.0000000000
14015  -38.063  -61.025  -17.398 0.0000000000
14016  -38.829  -59.263  -18.759 0.0000000000
14018  -39.531  -57.687  -19.603 0.0000000000
15682  -44.152  -44.949  -14.025 0.0000000000
18919  -39.766  -72.327  -16.791 0.0000000000
18920  -38.408  -72.734  -16.536 0.0000000000
22490  -39.915  -68.246  -11.121 0.0000000000
22491  -40.340  -68.573  -12.089 0.0000000000
22493  -40.801  -69.147  -13.239 0.0000000000
22494  -41.096  -70.115  -14.408 0.0000000000
22574  -40.651  -53.899  -20.207 0.0000000000
22575  -40.518  -52.197  -19.398 0.0000000000
22577  -40.841  -46.615  -15.978 0.0000000000
26330  -40.863  -71.731  -16.459 0.0000000000
28470  -39.839  -64.179  -10.061 0.0000000000
31907  -39.942  -60.313  -8.671 0.0000000000
31942  -42.173  -45.196  -14.742 0.0000000000
40307  -41.314  -71.063  -15.673 0.0000000000
40375  -41.058  -56.755  -7.777 0.0000000000
40402  -40.190  -55.742  -20.133 0.0000000000
40409  -39.950  -48.215  -17.414 0.0000000000
40410  -40.220  -50.380  -18.218 0.0000000000
44737  -39.164  -58.502  -19.248 0.0000000000
53212  -40.584  -68.830  -12.615 0.0000000000
53269  -43.264  -53.194  -9.404 0.0000000000
53270  -43.178  -53.702  -8.973 0.0000000000
53274  -45.032  -48.284  -12.543 0.0000000000
53275  -44.765  -49.048  -12.238 0.0000000000
54324  -38.084  -69.791  -16.801 0.0000000000
54326  -38.170  -68.916  -16.815 0.0000000000
54328  -38.341  -67.166  -16.790 0.0000000000
54329  -38.301  -66.330  -16.788 0.0000000000
54331  -38.205  -65.528  -16.831 0.0000000000
54332  -38.104  -64.830  -16.843 0.0000000000
62808  -39.853  -63.167  -9.718 0.0000000000
65079  -37.888  -63.387  -16.820 0.0000000000
65081  -37.756  -62.714  -16.757 0.0000000000
70018  -40.093  -59.423  -8.334 0.0000000000
70079  -45.634  -45.348  -14.041 0.0000000000
70080  -45.532  -46.096  -13.583 0.0000000000
70084  -43.669  -44.870  -14.172 0.0000000000
70090  -42.622  -45.026  -14.514 0.0000000000
79798  -37.666  -72.927  -16.293 0.0000000000
79799  -37.761  -72.298  -16.438 0.0000000000
79801  -37.818  -71.743  -16.564 0.0000000000
79802  -37.887  -71.148  -16.681 0.0000000000
90522  -41.268  -70.619  -15.037 0.0000000000
90687  -43.075  -54.763  -8.166 0.0000000000
90693  -41.675  -56.000  -7.774 0.0000000000
90702  -44.184  -50.550  -11.543 0.0000000000
90704  -43.921  -51.181  -11.192 0.0000000000
90705  -43.683  -51.743  -10.767 0.0000000000
90769  -40.551  -46.907  -16.329 0.0000000000
90780  -40.047  -49.336  -17.797 0.0000000000
98955  -38.442  -60.123  -18.099 0.0000000000
101954  -44.631  -44.968  -13.999 0.0000000000
107783  -39.105  -72.552  -16.703 0.0000000000
114208  -39.997  -67.311  -10.941 0.0000000000
114210  -40.113  -68.372  -11.570 0.0000000000
114217  -40.957  -69.665  -13.802 0.0000000000
114318  -43.128  -54.220  -8.549 0.0000000000
114327  -44.463  -49.829  -11.870 0.0000000000
114362  -40.639  -53.044  -19.886 0.0000000000
114365  -41.096  -46.175  -15.632 0.0000000000
115994  -38.253  -68.030  -16.815 0.0000000000
116002  -37.988  -64.117  -16.840 0.0000000000
122875  -40.352  -72.084  -16.659 0.0000000000
127868  -39.904  -65.221  -10.402 0.0000000000
127958  -43.373  -52.735  -9.866 0.0000000000
130821  -37.620  -62.012  -16.729 0.0000000000
137073  -39.901  -61.184  -9.026 0.0000000000
137144  -45.236  -47.564  -12.887 0.0000000000
137152  -45.425  -46.839  -13.187 0.0000000000
137166  -41.785  -45.454  -14.992 0.0000000000
148999  -37.985  -70.483  -16.786 0.0000000000
161878  -41.202  -71.444  -16.090 0.0000000000
162081  -40.622  -57.626  -7.844 0.0000000000
162095  -43.542  -52.239  -10.316 0.0000000000
162161  -39.848  -56.745  -19.849 0.0000000000
162163  -40.480  -54.810  -20.308 0.0000000000
162183  -40.118  -47.696  -17.057 0.0000000000
162187  -40.364  -51.232  -18.821 0.0000000000
22549  -43.903  -53.218  -9.366 0.0000000000
22550  -43.788  -54.211  -8.473 0.0000000000
22554  -45.558  -48.577  -12.719 0.0000000000
22555  -44.995  -50.047  -11.989 0.0000000000
23379  -37.086  -70.629  -16.489 0.0000000000
23381  -37.307  -69.026  -16.434 0.0000000000
23382  -37.439  -67.324  -16.350 0.0000000000
23383  -37.351  -65.669  -16.302 0.0000000000
23384  -37.180  -64.279  -16.280 0.0000000000
28508  -44.174  -52.318  -10.247 0.0000000000
29604  -37.059  -63.006  -16.130 0.0000000000
31934  -45.922  -47.069  -13.299 0.0000000000
31936  -46.116  -45.583  -14.227 0.0000000000
36004  -36.884  -73.075  -15.999 0.0000000000
36005  -36.942  -72.002  -16.302 0.0000000000
40379  -44.534  -51.306  -11.249 0.0000000000
54325  -37.196  -69.825  -16.467 0.0000000000
54330  -37.425  -66.494  -16.325 0.0000000000
59242  -40.128  -72.705  -16.447 0.0000000000
59243  -40.660  -72.373  -16.230 0.0000000000
62806  -39.690  -62.766  -9.138 0.0000000000
62807  -39.632  -63.782  -9.479 0.0000000000
65080  -37.116  -63.649  -16.211 0.0000000000
65082  -37.842  -60.357  -17.425 0.0000000000
65083  -37.468  -61.282  -16.709 0.0000000000
70016  -40.245  -59.053  -7.751 0.0000000000
70017  -39.978  -59.894  -8.032 0.0000000000
70077  -45.783  -44.653  -14.619 0.0000000000
70078  -46.300  -44.905  -14.757 0.0000000000
79800  -36.912  -72.554  -16.150 0.0000000000
90504  -39.676  -65.833  -10.194 0.0000000000
90506  -39.733  -66.929  -10.468 0.0000000000
90507  -39.855  -69.001  -11.375 0.0000000000
90508  -39.685  -68.863  -10.912 0.0000000000
90688  -43.788  -54.737  -8.093 0.0000000000
90689  -43.073  -55.306  -7.765 0.0000000000
90691  -42.334  -55.860  -7.535 0.0000000000
90692  -41.614  -56.544  -7.389 0.0000000000
90703  -44.718  -50.737  -11.651 0.0000000000
90761  -40.386  -53.310  -20.155 0.0000000000
90762  -40.214  -54.230  -20.273 0.0000000000
90778  -39.782  -47.483  -17.537 0.0000000000
90779  -39.808  -48.716  -17.827 0.0000000000
90781  -39.931  -49.725  -18.174 0.0000000000
90782  -40.112  -50.663  -18.705 0.0000000000
98956  -38.226  -59.523  -18.102 0.0000000000
98958  -38.540  -58.678  -18.759 0.0000000000
98959  -38.872  -57.883  -19.217 0.0000000000
98960  -39.277  -57.084  -19.597 0.0000000000
101916  -40.558  -58.256  -7.512 0.0000000000
101953  -45.291  -44.494  -14.531 0.0000000000
101955  -44.795  -44.341  -14.499 0.0000000000
101956  -44.336  -44.231  -14.531 0.0000000000
101957  -43.877  -44.202  -14.629 0.0000000000
101958  -43.328  -44.248  -14.743 0.0000000000
107781  -38.869  -73.220  -16.550 0.0000000000
107782  -38.298  -73.272  -16.429 0.0000000000
114211  -40.096  -69.173  -11.853 0.0000000000
114213  -40.336  -69.415  -12.378 0.0000000000
114214  -40.592  -69.731  -12.926 0.0000000000
114215  -40.781  -70.130  -13.436 0.0000000000
114216  -40.954  -70.679  -14.043 0.0000000000
114317  -43.853  -53.738  -8.925 0.0000000000
114326  -45.298  -49.306  -12.352 0.0000000000
114363  -40.382  -52.457  -19.835 0.0000000000
114364  -41.494  -45.156  -15.527 0.0000000000
114366  -41.158  -45.467  -15.852 0.0000000000
114367  -40.847  -45.889  -16.191 0.0000000000
114368  -40.508  -46.213  -16.491 0.0000000000
115995  -37.396  -68.163  -16.390 0.0000000000
116001  -37.250  -64.967  -16.319 0.0000000000
122874  -39.533  -72.929  -16.606 0.0000000000
127867  -39.617  -64.805  -9.845 0.0000000000
127957  -44.032  -52.764  -9.821 0.0000000000
130822  -36.920  -62.306  -16.042 0.0000000000
137070  -39.753  -61.721  -8.741 0.0000000000
137072  -39.793  -60.801  -8.372 0.0000000000
137143  -45.765  -47.835  -12.998 0.0000000000
137151  -46.024  -46.299  -13.735 0.0000000000
137167  -42.815  -44.402  -14.862 0.0000000000
137168  -42.344  -44.609  -15.049 0.0000000000
137169  -41.923  -44.847  -15.265 0.0000000000
148992  -37.594  -73.479  -16.148 0.0000000000
148993  -36.849  -73.579  -15.811 0.0000000000
148998  -37.004  -71.333  -16.420 0.0000000000
161857  -39.749  -67.914  -10.711 0.0000000000
161875  -41.070  -71.156  -14.651 0.0000000000
161876  -41.145  -71.571  -15.307 0.0000000000
161877  -41.019  -71.997  -15.800 0.0000000000
162080  -41.034  -57.338  -7.395 0.0000000000
162094  -44.330  -51.837  -10.720 0.0000000000
162162  -39.590  -56.082  -19.876 0.0000000000
162164  -39.919  -55.107  -20.127 0.0000000000
162180  -40.221  -46.590  -16.863 0.0000000000
162182  -39.989  -47.066  -17.176 0.0000000000
162188  -40.239  -51.598  -19.290 0.0000000000
