#!ascii label  , from subject  vox2ras=
217
90733  -45.240  -57.871  -14.352 1.0000000000
22565  -42.052  -58.018  -16.968 0.0000000000
40391  -42.031  -59.520  -16.107 0.0000000000
90732  -42.547  -58.961  -17.233 0.0000000000
90734  -42.527  -59.789  -16.744 0.0000000000
162127  -41.665  -57.892  -16.306 0.0000000000
162128  -41.595  -58.666  -15.883 0.0000000000
10052  -42.993  -59.925  -17.362 0.0000000000
40390  -41.281  -57.743  -15.596 0.0000000000
90731  -41.367  -56.958  -15.935 0.0000000000
90735  -42.499  -60.402  -16.308 0.0000000000
90736  -42.949  -60.640  -16.874 0.0000000000
114343  -41.704  -57.056  -16.646 0.0000000000
114344  -41.989  -57.200  -17.289 0.0000000000
114345  -42.457  -58.127  -17.548 0.0000000000
114346  -42.945  -59.129  -17.789 0.0000000000
162126  -41.188  -58.454  -15.240 0.0000000000
162129  -41.556  -59.297  -15.507 0.0000000000
162130  -41.988  -60.166  -15.639 0.0000000000
5602  -41.406  -56.076  -16.275 0.0000000000
10051  -41.124  -59.134  -14.842 0.0000000000
22564  -41.998  -56.410  -17.580 0.0000000000
22566  -42.802  -58.284  -18.131 0.0000000000
40389  -41.968  -60.817  -15.171 0.0000000000
40392  -42.892  -61.292  -16.424 0.0000000000
53285  -42.403  -57.305  -17.865 0.0000000000
90728  -41.503  -59.979  -15.036 0.0000000000
90729  -41.120  -55.833  -15.612 0.0000000000
90730  -41.031  -56.638  -15.302 0.0000000000
90737  -43.354  -61.498  -17.028 0.0000000000
90738  -43.369  -60.831  -17.499 0.0000000000
114341  -40.843  -58.212  -14.589 0.0000000000
114342  -41.713  -56.249  -16.916 0.0000000000
114347  -43.324  -60.165  -17.966 0.0000000000
114348  -43.198  -59.384  -18.304 0.0000000000
162125  -40.925  -57.444  -14.963 0.0000000000
162131  -42.411  -61.077  -15.799 0.0000000000
22563  -40.576  -57.176  -14.256 0.0000000000
22567  -43.594  -60.252  -18.520 0.0000000000
28514  -40.860  -55.689  -14.934 0.0000000000
40393  -43.714  -61.756  -17.607 0.0000000000
53284  -42.375  -56.513  -18.169 0.0000000000
53286  -42.700  -57.467  -18.438 0.0000000000
53287  -43.037  -58.463  -18.638 0.0000000000
90724  -40.761  -58.843  -14.204 0.0000000000
90726  -41.081  -59.764  -14.399 0.0000000000
90727  -41.481  -60.672  -14.530 0.0000000000
114340  -40.446  -57.871  -13.904 0.0000000000
114349  -43.484  -59.432  -18.908 0.0000000000
127972  -40.969  -54.865  -15.221 0.0000000000
127973  -41.173  -55.074  -15.878 0.0000000000
127976  -41.448  -55.263  -16.542 0.0000000000
127977  -41.727  -55.457  -17.141 0.0000000000
127978  -41.993  -55.592  -17.773 0.0000000000
162122  -41.810  -61.540  -14.691 0.0000000000
162123  -42.252  -61.804  -15.347 0.0000000000
162124  -40.732  -56.435  -14.621 0.0000000000
162132  -42.731  -62.002  -15.981 0.0000000000
162133  -43.218  -62.273  -16.576 0.0000000000
162134  -43.650  -62.417  -17.111 0.0000000000
162136  -43.662  -61.023  -18.093 0.0000000000
2490  -42.466  -62.855  -15.583 0.0000000000
2499  -42.685  -56.680  -18.674 0.0000000000
22500  -43.432  -63.311  -16.746 0.0000000000
22562  -40.440  -58.524  -13.546 0.0000000000
22568  -43.293  -58.578  -19.218 0.0000000000
28476  -41.607  -62.327  -14.367 0.0000000000
28515  -41.023  -54.065  -15.449 0.0000000000
28516  -41.473  -54.471  -16.758 0.0000000000
28517  -41.968  -54.782  -18.002 0.0000000000
40388  -41.090  -60.378  -13.948 0.0000000000
53220  -42.962  -63.138  -16.175 0.0000000000
53282  -40.344  -56.879  -13.584 0.0000000000
53283  -40.498  -56.184  -13.910 0.0000000000
53288  -42.908  -57.646  -18.914 0.0000000000
62882  -40.827  -53.824  -14.783 0.0000000000
62887  -41.751  -54.635  -17.355 0.0000000000
90725  -40.768  -59.431  -13.769 0.0000000000
90739  -43.702  -60.396  -19.008 0.0000000000
90740  -43.857  -61.176  -18.586 0.0000000000
114228  -43.719  -63.540  -17.247 0.0000000000
114339  -40.222  -57.582  -13.243 0.0000000000
114350  -43.501  -59.553  -19.411 0.0000000000
127884  -42.029  -62.597  -14.973 0.0000000000
127970  -40.644  -55.422  -14.242 0.0000000000
127971  -40.733  -54.600  -14.533 0.0000000000
127975  -41.206  -54.295  -16.121 0.0000000000
127979  -42.358  -55.742  -18.408 0.0000000000
162121  -41.413  -61.331  -14.082 0.0000000000
162135  -43.880  -62.649  -17.680 0.0000000000
162137  -43.920  -61.864  -18.137 0.0000000000
2498  -40.488  -55.146  -13.596 0.0000000000
10026  -43.824  -63.841  -17.706 0.0000000000
10053  -43.640  -60.426  -19.419 0.0000000000
22561  -40.152  -56.516  -12.932 0.0000000000
28513  -40.659  -53.556  -14.164 0.0000000000
40394  -43.957  -62.125  -18.602 0.0000000000
53216  -42.217  -63.546  -15.283 0.0000000000
53218  -42.706  -63.805  -15.841 0.0000000000
53219  -43.131  -64.007  -16.407 0.0000000000
53281  -40.326  -55.856  -13.283 0.0000000000
53289  -43.112  -57.916  -19.436 0.0000000000
53290  -42.828  -56.939  -19.124 0.0000000000
62819  -41.419  -62.985  -14.067 0.0000000000
62820  -41.273  -62.022  -13.709 0.0000000000
62881  -40.786  -52.819  -14.410 0.0000000000
62883  -40.930  -53.016  -15.103 0.0000000000
62885  -41.255  -53.429  -16.306 0.0000000000
62886  -41.475  -53.653  -16.922 0.0000000000
62888  -41.722  -53.804  -17.586 0.0000000000
62889  -41.906  -54.092  -18.160 0.0000000000
90536  -43.617  -64.600  -17.405 0.0000000000
90741  -43.847  -61.282  -19.044 0.0000000000
114227  -43.485  -64.301  -16.912 0.0000000000
114337  -40.059  -57.119  -12.577 0.0000000000
114338  -40.208  -58.178  -12.873 0.0000000000
114351  -43.420  -59.702  -19.705 0.0000000000
114352  -43.292  -58.826  -19.617 0.0000000000
127883  -41.790  -63.303  -14.679 0.0000000000
127969  -40.566  -54.368  -13.881 0.0000000000
127974  -41.089  -53.276  -15.674 0.0000000000
127980  -42.632  -55.996  -18.850 0.0000000000
127981  -42.307  -55.008  -18.558 0.0000000000
162118  -40.489  -59.131  -13.125 0.0000000000
162119  -40.814  -60.053  -13.316 0.0000000000
162120  -41.087  -61.081  -13.479 0.0000000000
162138  -43.962  -62.966  -18.113 0.0000000000
5580  -41.013  -61.684  -13.077 0.0000000000
5601  -41.015  -52.002  -14.658 0.0000000000
5603  -41.440  -52.788  -17.020 0.0000000000
10050  -40.059  -57.752  -12.147 0.0000000000
13282  -41.193  -52.360  -15.837 0.0000000000
22496  -41.947  -64.237  -14.974 0.0000000000
22498  -42.762  -64.713  -16.065 0.0000000000
22499  -43.348  -65.365  -17.087 0.0000000000
22569  -43.203  -59.039  -19.952 0.0000000000
22570  -42.952  -57.215  -19.611 0.0000000000
28475  -41.247  -63.618  -13.739 0.0000000000
28518  -42.509  -55.290  -19.006 0.0000000000
28519  -41.801  -53.423  -18.222 0.0000000000
40387  -40.575  -59.701  -12.656 0.0000000000
53217  -42.335  -64.466  -15.497 0.0000000000
53277  -40.480  -54.118  -13.259 0.0000000000
53279  -40.351  -54.812  -12.928 0.0000000000
53280  -40.201  -55.495  -12.563 0.0000000000
62818  -41.113  -62.594  -13.402 0.0000000000
62879  -41.032  -51.736  -14.034 0.0000000000
62880  -40.779  -52.490  -13.788 0.0000000000
62884  -41.252  -52.562  -16.418 0.0000000000
62890  -41.611  -53.119  -17.615 0.0000000000
90537  -43.436  -65.646  -17.592 0.0000000000
90538  -43.573  -64.943  -17.897 0.0000000000
90540  -43.682  -64.118  -18.184 0.0000000000
90717  -39.998  -56.749  -11.823 0.0000000000
90723  -40.239  -58.778  -12.471 0.0000000000
90742  -43.709  -62.221  -18.983 0.0000000000
90743  -43.604  -61.396  -19.353 0.0000000000
90745  -43.401  -60.713  -19.590 0.0000000000
97634  -41.080  -52.187  -15.257 0.0000000000
114226  -43.108  -65.034  -16.598 0.0000000000
114336  -40.076  -56.144  -12.193 0.0000000000
114353  -43.094  -58.137  -19.792 0.0000000000
127882  -41.564  -63.918  -14.374 0.0000000000
127968  -40.601  -53.262  -13.526 0.0000000000
127982  -42.115  -54.307  -18.689 0.0000000000
162117  -40.831  -60.683  -12.870 0.0000000000
162139  -43.741  -63.129  -18.574 0.0000000000
162145  -43.102  -59.947  -19.812 0.0000000000
162151  -42.740  -56.210  -19.322 0.0000000000
22557  -40.613  -52.977  -12.926 0.0000000000
22559  -40.337  -54.444  -12.239 0.0000000000
22560  -40.118  -55.739  -11.520 0.0000000000
28512  -41.105  -51.530  -13.445 0.0000000000
40313  -43.246  -65.866  -17.987 0.0000000000
40314  -43.509  -64.392  -18.581 0.0000000000
40395  -43.368  -62.375  -19.226 0.0000000000
40396  -42.986  -60.870  -19.699 0.0000000000
53278  -40.473  -53.752  -12.586 0.0000000000
62816  -40.926  -62.192  -12.786 0.0000000000
62817  -41.000  -63.185  -13.101 0.0000000000
62877  -41.256  -50.905  -14.220 0.0000000000
62878  -41.362  -50.712  -13.679 0.0000000000
90539  -43.404  -65.144  -18.302 0.0000000000
90718  -40.032  -56.391  -11.111 0.0000000000
90719  -40.005  -57.313  -11.453 0.0000000000
90721  -40.098  -58.336  -11.751 0.0000000000
90722  -40.323  -59.331  -12.028 0.0000000000
90744  -43.203  -61.604  -19.490 0.0000000000
90746  -42.882  -58.330  -20.061 0.0000000000
90747  -42.771  -59.226  -19.999 0.0000000000
90751  -42.269  -54.568  -19.128 0.0000000000
90752  -42.591  -55.538  -19.432 0.0000000000
97596  -40.806  -61.278  -12.458 0.0000000000
97633  -41.186  -51.132  -14.857 0.0000000000
97635  -41.204  -51.338  -15.392 0.0000000000
97636  -41.268  -51.492  -15.949 0.0000000000
97637  -41.262  -51.667  -16.457 0.0000000000
97638  -41.383  -52.017  -17.013 0.0000000000
114220  -41.636  -64.911  -14.610 0.0000000000
114222  -41.987  -65.127  -15.138 0.0000000000
114223  -42.334  -65.454  -15.728 0.0000000000
114224  -42.703  -65.760  -16.248 0.0000000000
114225  -43.043  -66.080  -16.746 0.0000000000
114335  -40.223  -55.094  -11.884 0.0000000000
114354  -42.927  -57.497  -19.962 0.0000000000
127880  -41.115  -64.166  -13.421 0.0000000000
127881  -41.379  -64.493  -14.047 0.0000000000
127967  -40.812  -52.244  -13.154 0.0000000000
127983  -41.911  -53.661  -18.720 0.0000000000
127984  -41.471  -52.401  -17.579 0.0000000000
127985  -41.630  -52.759  -18.133 0.0000000000
161893  -43.192  -66.379  -17.246 0.0000000000
161894  -43.044  -66.582  -17.637 0.0000000000
162116  -40.610  -60.306  -12.195 0.0000000000
162140  -43.460  -63.316  -18.856 0.0000000000
162146  -42.750  -60.152  -19.887 0.0000000000
162152  -42.782  -56.536  -19.733 0.0000000000
