#!ascii label  , from subject  vox2ras=
37
68060  -43.546  26.117  4.705 1.0000000000
6700  -43.334  26.791  5.208 0.0000000000
30993  -44.162  26.141  5.730 0.0000000000
68058  -44.112  26.795  5.061 0.0000000000
68059  -44.503  26.487  5.359 0.0000000000
68061  -43.361  26.067  5.845 0.0000000000
68062  -42.926  26.427  5.591 0.0000000000
15006  -44.853  26.814  4.960 0.0000000000
30994  -42.584  26.012  6.022 0.0000000000
68063  -42.216  26.269  5.826 0.0000000000
68064  -42.585  26.664  5.388 0.0000000000
100740  -44.441  27.126  4.649 0.0000000000
100741  -43.689  27.130  4.754 0.0000000000
100742  -42.968  27.029  4.931 0.0000000000
134591  -45.236  26.528  5.281 0.0000000000
134592  -44.914  26.204  5.670 0.0000000000
134593  -44.573  25.817  6.019 0.0000000000
134594  -43.783  25.750  6.115 0.0000000000
134595  -42.995  25.680  6.272 0.0000000000
4923  -44.948  25.397  6.307 0.0000000000
12603  -43.427  25.353  6.503 0.0000000000
15007  -44.048  27.442  4.245 0.0000000000
15008  -42.634  27.290  4.605 0.0000000000
30992  -45.668  26.185  5.527 0.0000000000
30996  -41.868  26.532  5.615 0.0000000000
43323  -42.659  25.276  6.662 0.0000000000
45726  -44.821  27.448  4.176 0.0000000000
68057  -46.061  26.578  5.128 0.0000000000
96413  -44.208  25.407  6.359 0.0000000000
100738  -45.624  26.843  4.851 0.0000000000
100739  -45.208  27.141  4.533 0.0000000000
100743  -43.344  27.388  4.397 0.0000000000
134590  -45.300  25.821  5.901 0.0000000000
134596  -42.232  25.603  6.422 0.0000000000
134598  -41.863  25.848  6.252 0.0000000000
134599  -41.508  26.110  6.068 0.0000000000
134601  -42.241  26.911  5.137 0.0000000000
