#!ascii label  , from subject  vox2ras=
37
20531  -45.535  23.294  8.011 1.0000000000
51251  -45.172  22.474  7.934 0.0000000000
51252  -45.856  22.556  7.753 0.0000000000
110683  -45.937  23.469  7.396 0.0000000000
110685  -46.279  23.036  7.509 0.0000000000
125131  -45.234  23.427  7.532 0.0000000000
125132  -44.875  22.902  7.813 0.0000000000
2224  -44.790  21.957  8.112 0.0000000000
4924  -46.334  23.911  7.088 0.0000000000
20532  -47.004  23.059  7.356 0.0000000000
20533  -46.109  22.123  7.750 0.0000000000
27296  -44.851  23.811  7.397 0.0000000000
27297  -44.181  22.859  8.015 0.0000000000
51253  -45.441  22.053  7.929 0.0000000000
60854  -44.500  23.371  7.707 0.0000000000
110684  -46.665  23.497  7.257 0.0000000000
110686  -46.562  22.604  7.563 0.0000000000
125130  -45.595  23.894  7.237 0.0000000000
125133  -44.479  22.371  8.062 0.0000000000
51254  -45.647  21.624  7.865 0.0000000000
51255  -44.994  21.506  8.058 0.0000000000
51257  -44.359  21.385  8.228 0.0000000000
60852  -44.521  24.213  7.204 0.0000000000
60853  -44.129  23.783  7.537 0.0000000000
60855  -43.791  23.296  7.873 0.0000000000
60856  -43.475  22.770  8.187 0.0000000000
84631  -46.758  24.298  6.777 0.0000000000
84633  -47.070  23.908  6.965 0.0000000000
84634  -47.272  22.642  7.464 0.0000000000
84635  -47.741  23.064  7.217 0.0000000000
110687  -46.819  22.149  7.589 0.0000000000
110689  -46.361  21.673  7.703 0.0000000000
125127  -46.026  24.287  6.879 0.0000000000
125129  -45.270  24.234  7.074 0.0000000000
125134  -44.093  21.832  8.261 0.0000000000
125135  -43.822  22.310  8.241 0.0000000000
154806  -47.410  23.491  7.120 0.0000000000
