#!ascii label  , from subject  vox2ras=
37
131811  -46.060  -54.382  27.876 1.0000000000
18345  -49.036  -54.302  28.759 0.0000000000
29968  -48.709  -53.198  28.991 0.0000000000
65863  -48.927  -53.299  28.545 0.0000000000
106749  -48.761  -54.165  29.180 0.0000000000
131810  -48.564  -53.581  29.287 0.0000000000
131812  -49.078  -53.898  28.435 0.0000000000
6260  -48.604  -54.039  29.558 0.0000000000
29969  -49.153  -53.408  28.141 0.0000000000
49065  -49.382  -54.444  28.368 0.0000000000
49066  -49.387  -54.813  28.647 0.0000000000
65861  -48.702  -52.649  29.202 0.0000000000
65862  -48.915  -52.748  28.716 0.0000000000
65864  -49.104  -52.832  28.322 0.0000000000
106750  -48.927  -54.641  29.413 0.0000000000
106751  -49.142  -54.745  29.043 0.0000000000
131807  -48.380  -53.500  29.735 0.0000000000
131809  -48.488  -53.087  29.449 0.0000000000
131813  -49.380  -54.025  28.081 0.0000000000
918  -49.738  -54.575  28.015 0.0000000000
6261  -49.171  -52.306  28.569 0.0000000000
14273  -48.765  -52.111  29.463 0.0000000000
18346  -49.366  -55.201  29.308 0.0000000000
18347  -49.939  -55.430  28.569 0.0000000000
29967  -48.305  -52.998  29.919 0.0000000000
49067  -49.762  -54.980  28.308 0.0000000000
65860  -48.991  -52.208  29.000 0.0000000000
78075  -48.467  -54.001  30.008 0.0000000000
78077  -48.744  -54.535  29.838 0.0000000000
106752  -49.625  -55.322  28.962 0.0000000000
131806  -48.259  -53.456  30.199 0.0000000000
131808  -48.472  -52.560  29.658 0.0000000000
131819  -49.389  -52.401  28.155 0.0000000000
131820  -49.322  -52.930  27.957 0.0000000000
131821  -49.442  -53.543  27.823 0.0000000000
131822  -49.687  -54.093  27.759 0.0000000000
146917  -49.125  -55.078  29.723 0.0000000000
