#!ascii label  , from subject  vox2ras=
37
4249  -25.078  -75.431  26.372 1.0000000000
58825  -23.502  -75.245  26.518 0.0000000000
58827  -23.438  -76.158  26.409 0.0000000000
58829  -23.657  -76.539  25.743 0.0000000000
58831  -23.843  -75.965  25.232 0.0000000000
95201  -23.695  -74.650  26.032 0.0000000000
95202  -23.837  -75.027  25.375 0.0000000000
11928  -23.335  -74.879  27.229 0.0000000000
11929  -23.733  -73.726  26.186 0.0000000000
11930  -24.052  -74.502  24.892 0.0000000000
26080  -23.228  -76.657  27.018 0.0000000000
26081  -23.660  -77.404  25.724 0.0000000000
26083  -24.069  -76.309  24.617 0.0000000000
58826  -23.253  -75.799  27.098 0.0000000000
58828  -23.426  -77.020  26.360 0.0000000000
58830  -23.881  -76.878  25.142 0.0000000000
95200  -23.543  -74.308  26.687 0.0000000000
95203  -23.885  -74.095  25.541 0.0000000000
122302  -24.066  -75.403  24.740 0.0000000000
42648  -23.575  -73.396  26.822 0.0000000000
42649  -23.780  -72.797  26.355 0.0000000000
42650  -23.927  -73.160  25.708 0.0000000000
58832  -24.286  -73.871  24.412 0.0000000000
58833  -24.298  -74.829  24.265 0.0000000000
95198  -23.205  -74.524  27.955 0.0000000000
95199  -23.388  -73.951  27.372 0.0000000000
95204  -24.096  -73.535  25.038 0.0000000000
122292  -23.108  -75.426  27.798 0.0000000000
122293  -23.022  -76.294  27.673 0.0000000000
122294  -23.054  -77.176  27.618 0.0000000000
122295  -23.252  -77.556  26.977 0.0000000000
122296  -23.446  -77.916  26.337 0.0000000000
122297  -23.668  -78.281  25.672 0.0000000000
122299  -23.900  -77.795  25.095 0.0000000000
122300  -24.091  -77.260  24.562 0.0000000000
122301  -24.328  -76.685  24.044 0.0000000000
122303  -24.354  -75.728  24.109 0.0000000000
