#!ascii label  , from subject  vox2ras=
37
127861  -40.369  -73.168  -10.082 1.0000000000
22481  -40.183  -73.484  -10.480 0.0000000000
28466  -40.376  -72.732  -9.743 0.0000000000
62804  -40.076  -72.273  -9.812 0.0000000000
114193  -40.447  -73.968  -10.439 0.0000000000
127860  -40.567  -73.601  -10.049 0.0000000000
127862  -40.007  -72.621  -10.181 0.0000000000
5574  -40.780  -74.416  -10.375 0.0000000000
28467  -39.847  -71.779  -9.937 0.0000000000
53201  -39.974  -72.964  -10.547 0.0000000000
53202  -40.085  -73.825  -10.855 0.0000000000
62802  -40.461  -72.284  -9.362 0.0000000000
62803  -40.155  -71.846  -9.421 0.0000000000
62805  -39.904  -71.409  -9.547 0.0000000000
114194  -40.651  -74.726  -10.797 0.0000000000
114195  -40.332  -74.290  -10.838 0.0000000000
127857  -40.950  -73.990  -9.993 0.0000000000
127859  -40.722  -73.157  -9.700 0.0000000000
127863  -39.830  -72.080  -10.300 0.0000000000
2488  -39.826  -72.387  -10.674 0.0000000000
5575  -39.898  -70.944  -9.158 0.0000000000
13254  -40.491  -71.799  -8.953 0.0000000000
22482  -40.483  -75.049  -11.230 0.0000000000
22483  -40.034  -74.110  -11.276 0.0000000000
28465  -41.072  -73.521  -9.618 0.0000000000
53203  -39.940  -73.248  -10.937 0.0000000000
62801  -40.193  -71.351  -9.041 0.0000000000
90481  -41.180  -74.755  -10.330 0.0000000000
90483  -41.031  -75.137  -10.745 0.0000000000
114196  -40.218  -74.633  -11.237 0.0000000000
127856  -41.381  -74.271  -9.953 0.0000000000
127858  -40.791  -72.705  -9.314 0.0000000000
161830  -40.855  -75.471  -11.180 0.0000000000
161850  -39.688  -70.448  -9.284 0.0000000000
161851  -39.688  -70.929  -9.700 0.0000000000
161852  -39.667  -71.249  -10.086 0.0000000000
161853  -39.704  -71.512  -10.457 0.0000000000
