#!ascii label  , from subject  vox2ras=
37
114337  -42.803  -57.093  -12.246 1.0000000000
10050  -40.059  -57.752  -12.147 0.0000000000
22561  -40.152  -56.516  -12.932 0.0000000000
90717  -39.998  -56.749  -11.823 0.0000000000
114336  -40.076  -56.144  -12.193 0.0000000000
114338  -40.208  -58.178  -12.873 0.0000000000
114339  -40.222  -57.582  -13.243 0.0000000000
22560  -40.118  -55.739  -11.520 0.0000000000
22562  -40.440  -58.524  -13.546 0.0000000000
53280  -40.201  -55.495  -12.563 0.0000000000
53281  -40.326  -55.856  -13.283 0.0000000000
53282  -40.344  -56.879  -13.584 0.0000000000
90718  -40.032  -56.391  -11.111 0.0000000000
90719  -40.005  -57.313  -11.453 0.0000000000
90721  -40.098  -58.336  -11.751 0.0000000000
90723  -40.239  -58.778  -12.471 0.0000000000
114335  -40.223  -55.094  -11.884 0.0000000000
114340  -40.446  -57.871  -13.904 0.0000000000
162118  -40.489  -59.131  -13.125 0.0000000000
2498  -40.488  -55.146  -13.596 0.0000000000
22559  -40.337  -54.444  -12.239 0.0000000000
22563  -40.576  -57.176  -14.256 0.0000000000
40385  -40.026  -56.967  -10.744 0.0000000000
40386  -40.161  -58.877  -11.361 0.0000000000
40387  -40.575  -59.701  -12.656 0.0000000000
53279  -40.351  -54.812  -12.928 0.0000000000
53283  -40.498  -56.184  -13.910 0.0000000000
90720  -40.025  -57.911  -11.066 0.0000000000
90722  -40.323  -59.331  -12.028 0.0000000000
90724  -40.761  -58.843  -14.204 0.0000000000
90725  -40.768  -59.431  -13.769 0.0000000000
114333  -40.445  -54.175  -11.565 0.0000000000
114334  -40.352  -54.827  -11.232 0.0000000000
114341  -40.843  -58.212  -14.589 0.0000000000
162109  -40.251  -55.420  -10.896 0.0000000000
162110  -40.179  -56.002  -10.520 0.0000000000
162119  -40.814  -60.053  -13.316 0.0000000000
