#!ascii label  , from subject  vox2ras=
61
114337  -42.803  -57.093  -12.246 1.0000000000
10050  -40.059  -57.752  -12.147 0.0000000000
22561  -40.152  -56.516  -12.932 0.0000000000
90717  -39.998  -56.749  -11.823 0.0000000000
114336  -40.076  -56.144  -12.193 0.0000000000
114338  -40.208  -58.178  -12.873 0.0000000000
114339  -40.222  -57.582  -13.243 0.0000000000
22560  -40.118  -55.739  -11.520 0.0000000000
22562  -40.440  -58.524  -13.546 0.0000000000
53280  -40.201  -55.495  -12.563 0.0000000000
53281  -40.326  -55.856  -13.283 0.0000000000
53282  -40.344  -56.879  -13.584 0.0000000000
90718  -40.032  -56.391  -11.111 0.0000000000
90719  -40.005  -57.313  -11.453 0.0000000000
90721  -40.098  -58.336  -11.751 0.0000000000
90723  -40.239  -58.778  -12.471 0.0000000000
114335  -40.223  -55.094  -11.884 0.0000000000
114340  -40.446  -57.871  -13.904 0.0000000000
162118  -40.489  -59.131  -13.125 0.0000000000
2498  -40.488  -55.146  -13.596 0.0000000000
22559  -40.337  -54.444  -12.239 0.0000000000
22563  -40.576  -57.176  -14.256 0.0000000000
40385  -40.026  -56.967  -10.744 0.0000000000
40386  -40.161  -58.877  -11.361 0.0000000000
40387  -40.575  -59.701  -12.656 0.0000000000
53279  -40.351  -54.812  -12.928 0.0000000000
53283  -40.498  -56.184  -13.910 0.0000000000
90720  -40.025  -57.911  -11.066 0.0000000000
90722  -40.323  -59.331  -12.028 0.0000000000
90724  -40.761  -58.843  -14.204 0.0000000000
90725  -40.768  -59.431  -13.769 0.0000000000
114333  -40.445  -54.175  -11.565 0.0000000000
114334  -40.352  -54.827  -11.232 0.0000000000
114341  -40.843  -58.212  -14.589 0.0000000000
162109  -40.251  -55.420  -10.896 0.0000000000
162110  -40.179  -56.002  -10.520 0.0000000000
162119  -40.814  -60.053  -13.316 0.0000000000
10049  -40.683  -53.845  -11.043 0.0000000000
10051  -41.124  -59.134  -14.842 0.0000000000
40384  -40.486  -55.089  -10.319 0.0000000000
40388  -41.090  -60.378  -13.948 0.0000000000
53277  -40.480  -54.118  -13.259 0.0000000000
53278  -40.473  -53.752  -12.586 0.0000000000
90710  -40.806  -53.195  -11.432 0.0000000000
90716  -40.566  -54.471  -10.686 0.0000000000
90726  -41.081  -59.764  -14.399 0.0000000000
114332  -40.582  -53.449  -11.976 0.0000000000
127969  -40.566  -54.368  -13.881 0.0000000000
127970  -40.644  -55.422  -14.242 0.0000000000
162108  -40.450  -55.684  -9.912 0.0000000000
162111  -40.169  -56.575  -10.112 0.0000000000
162112  -40.060  -57.516  -10.400 0.0000000000
162113  -40.091  -58.475  -10.663 0.0000000000
162114  -40.178  -59.421  -10.967 0.0000000000
162115  -40.384  -59.902  -11.627 0.0000000000
162116  -40.610  -60.306  -12.195 0.0000000000
162117  -40.831  -60.683  -12.870 0.0000000000
162120  -41.087  -61.081  -13.479 0.0000000000
162124  -40.732  -56.435  -14.621 0.0000000000
162125  -40.925  -57.444  -14.963 0.0000000000
162126  -41.188  -58.454  -15.240 0.0000000000
