#!ascii label  , from subject fsaverage vox2ras=TkReg coords=white
1154
88  -42.261  -81.724  -13.242 0.0000000000
208  -38.933  -87.266  -8.025 0.0000000000
339  -46.842  -64.832  -5.069 0.0000000000
616  -42.856  -74.239  -5.499 0.0000000000
617  -39.936  -69.013  -7.500 0.0000000000
979  -35.991  -88.051  -14.552 0.0000000000
981  -35.710  -84.439  -15.803 0.0000000000
982  -35.273  -80.496  -13.878 0.0000000000
983  -40.214  -78.414  -13.515 0.0000000000
1377  -43.038  -65.490  -5.434 0.0000000000
1379  -39.227  -64.539  -8.497 0.0000000000
1526  -40.976  -84.517  -10.578 0.0000000000
2483  -41.516  -81.017  -6.757 0.0000000000
2484  -43.835  -77.220  -9.482 0.0000000000
2485  -44.814  -68.644  -5.061 0.0000000000
2486  -43.573  -71.436  -6.836 0.0000000000
2487  -42.490  -75.307  -10.177 0.0000000000
2488  -39.826  -72.387  -10.674 0.0000000000
2899  -39.178  -85.426  -14.148 0.0000000000
2900  -36.039  -86.453  -15.880 0.0000000000
2901  -39.033  -83.714  -14.831 0.0000000000
2902  -38.502  -81.447  -14.408 0.0000000000
2903  -41.415  -80.045  -13.607 0.0000000000
3501  -36.956  -88.629  -9.199 0.0000000000
3502  -37.832  -86.979  -10.752 0.0000000000
3503  -39.961  -85.858  -9.149 0.0000000000
5561  -41.816  -75.807  -4.534 0.0000000000
5562  -41.144  -79.137  -4.604 0.0000000000
5563  -41.713  -77.451  -6.059 0.0000000000
5564  -42.716  -79.008  -8.286 0.0000000000
5565  -43.340  -75.581  -7.178 0.0000000000
5566  -46.011  -65.674  -4.194 0.0000000000
5567  -44.215  -67.270  -4.103 0.0000000000
5568  -45.702  -66.619  -5.182 0.0000000000
5569  -40.924  -66.896  -5.926 0.0000000000
5570  -42.718  -68.565  -5.866 0.0000000000
5571  -41.487  -70.605  -7.151 0.0000000000
5572  -43.129  -73.383  -8.622 0.0000000000
5573  -41.231  -72.688  -8.803 0.0000000000
5574  -40.780  -74.416  -10.375 0.0000000000
5575  -39.898  -70.944  -9.158 0.0000000000
5576  -39.878  -62.149  -9.395 0.0000000000
5577  -39.997  -66.273  -10.717 0.0000000000
6372  -32.668  -87.410  -16.459 0.0000000000
6373  -32.240  -85.215  -16.349 0.0000000000
6375  -35.363  -82.475  -14.902 0.0000000000
6376  -38.050  -79.417  -13.935 0.0000000000
6377  -39.565  -76.260  -13.464 0.0000000000
7083  -42.318  -72.776  -4.205 0.0000000000
7085  -45.272  -65.121  -5.587 0.0000000000
7086  -44.618  -63.390  -5.575 0.0000000000
7087  -42.104  -63.477  -5.211 0.0000000000
7088  -40.043  -64.862  -6.012 0.0000000000
7089  -39.198  -66.792  -7.831 0.0000000000
7090  -39.801  -62.734  -6.337 0.0000000000
7399  -38.815  -86.463  -12.568 0.0000000000
7400  -41.758  -83.184  -12.205 0.0000000000
10005  -40.642  -84.319  -7.156 0.0000000000
10006  -41.881  -82.823  -8.856 0.0000000000
10007  -42.986  -80.935  -10.365 0.0000000000
10008  -43.745  -79.425  -11.270 0.0000000000
10010  -43.124  -69.765  -4.211 0.0000000000
10011  -43.871  -71.252  -5.002 0.0000000000
10012  -44.367  -67.142  -5.704 0.0000000000
10013  -44.391  -69.818  -5.904 0.0000000000
10014  -44.628  -72.630  -6.285 0.0000000000
10015  -44.341  -74.181  -8.254 0.0000000000
10016  -44.018  -76.026  -9.915 0.0000000000
10017  -43.388  -78.167  -11.773 0.0000000000
10018  -41.609  -77.283  -12.045 0.0000000000
10019  -40.185  -75.567  -11.979 0.0000000000
10020  -39.995  -73.272  -12.357 0.0000000000
10021  -39.391  -68.834  -9.820 0.0000000000
10022  -39.888  -69.792  -11.612 0.0000000000
10579  -40.726  -83.743  -13.696 0.0000000000
10580  -39.153  -84.667  -14.741 0.0000000000
10581  -40.770  -82.829  -14.063 0.0000000000
10582  -40.459  -81.826  -14.080 0.0000000000
10583  -42.009  -80.755  -13.497 0.0000000000
11179  -37.644  -88.604  -8.196 0.0000000000
11180  -36.566  -89.358  -8.697 0.0000000000
11181  -38.087  -88.020  -8.659 0.0000000000
11182  -38.594  -87.147  -9.145 0.0000000000
11183  -39.436  -86.545  -8.498 0.0000000000
13241  -42.258  -74.966  -5.073 0.0000000000
13242  -41.712  -76.536  -5.112 0.0000000000
13243  -42.272  -75.678  -5.746 0.0000000000
13244  -42.481  -76.408  -6.672 0.0000000000
13245  -43.153  -74.939  -6.227 0.0000000000
13246  -46.631  -65.343  -4.709 0.0000000000
13247  -45.818  -66.202  -4.665 0.0000000000
13248  -46.165  -65.678  -5.088 0.0000000000
13249  -40.307  -67.835  -6.580 0.0000000000
13250  -40.989  -68.751  -6.493 0.0000000000
13251  -40.627  -69.884  -7.330 0.0000000000
13252  -41.288  -71.601  -8.017 0.0000000000
13253  -40.538  -70.930  -8.104 0.0000000000
13254  -40.491  -71.799  -8.953 0.0000000000
13255  -39.929  -69.984  -8.323 0.0000000000
14457  -35.897  -85.493  -16.071 0.0000000000
14458  -34.491  -86.919  -16.382 0.0000000000
14459  -34.214  -85.821  -16.549 0.0000000000
14460  -32.405  -86.299  -16.520 0.0000000000
14461  -33.975  -84.671  -16.137 0.0000000000
14462  -33.883  -83.755  -15.551 0.0000000000
14463  -35.444  -83.527  -15.333 0.0000000000
14464  -39.563  -80.020  -13.800 0.0000000000
14465  -38.271  -80.459  -14.137 0.0000000000
14466  -39.183  -78.952  -13.723 0.0000000000
14467  -38.959  -77.898  -13.755 0.0000000000
14468  -39.824  -77.373  -13.383 0.0000000000
15650  -43.135  -62.303  -5.299 0.0000000000
15651  -41.874  -62.524  -5.229 0.0000000000
15652  -40.941  -64.076  -5.441 0.0000000000
15653  -40.715  -63.053  -5.487 0.0000000000
15654  -39.874  -63.816  -6.141 0.0000000000
15655  -40.623  -62.035  -5.631 0.0000000000
16264  -39.577  -85.882  -10.745 0.0000000000
16265  -38.375  -86.690  -11.681 0.0000000000
16266  -40.030  -85.516  -11.550 0.0000000000
16267  -40.366  -84.986  -12.372 0.0000000000
16268  -41.397  -83.799  -11.448 0.0000000000
22444  -41.235  -80.161  -5.630 0.0000000000
22445  -41.130  -80.846  -4.747 0.0000000000
22446  -41.273  -81.760  -5.905 0.0000000000
22447  -40.836  -83.341  -6.203 0.0000000000
22448  -41.279  -82.771  -6.938 0.0000000000
22449  -41.233  -83.685  -8.008 0.0000000000
22450  -41.840  -81.961  -7.779 0.0000000000
22451  -43.286  -78.010  -8.958 0.0000000000
22452  -42.941  -79.959  -9.325 0.0000000000
22453  -43.537  -79.013  -9.947 0.0000000000
22454  -43.445  -80.193  -10.856 0.0000000000
22455  -43.787  -78.311  -10.343 0.0000000000
22459  -44.573  -68.011  -4.559 0.0000000000
22460  -43.659  -68.491  -4.146 0.0000000000
22461  -44.014  -69.201  -4.555 0.0000000000
22462  -43.482  -70.516  -4.609 0.0000000000
22463  -44.307  -69.908  -5.033 0.0000000000
22464  -44.130  -65.206  -5.511 0.0000000000
22465  -44.672  -66.078  -5.620 0.0000000000
22466  -43.673  -66.348  -5.567 0.0000000000
22467  -42.964  -70.070  -6.242 0.0000000000
22468  -43.582  -69.222  -5.919 0.0000000000
22469  -43.965  -70.597  -6.203 0.0000000000
22470  -44.647  -71.239  -6.036 0.0000000000
22471  -44.444  -71.968  -6.706 0.0000000000
22472  -44.637  -73.334  -7.217 0.0000000000
22473  -44.242  -72.799  -7.581 0.0000000000
22474  -42.885  -74.313  -9.339 0.0000000000
22475  -43.733  -74.580  -9.204 0.0000000000
22476  -43.491  -75.591  -10.057 0.0000000000
22477  -43.846  -77.038  -10.780 0.0000000000
22478  -43.059  -76.723  -10.941 0.0000000000
22479  -42.470  -77.877  -11.930 0.0000000000
22480  -42.131  -76.424  -11.055 0.0000000000
22481  -40.183  -73.484  -10.480 0.0000000000
22482  -40.483  -75.049  -11.230 0.0000000000
22483  -40.034  -74.110  -11.276 0.0000000000
22484  -39.903  -74.420  -12.042 0.0000000000
22485  -39.875  -72.827  -11.514 0.0000000000
22486  -39.095  -65.586  -8.113 0.0000000000
22487  -39.242  -67.856  -8.901 0.0000000000
22488  -39.204  -66.668  -9.258 0.0000000000
22490  -39.915  -68.246  -11.121 0.0000000000
22491  -40.340  -68.573  -12.089 0.0000000000
22492  -40.384  -70.318  -12.611 0.0000000000
23649  -37.638  -86.645  -14.426 0.0000000000
23650  -36.147  -87.292  -15.270 0.0000000000
23651  -37.660  -86.011  -15.122 0.0000000000
23652  -37.527  -85.150  -15.378 0.0000000000
23653  -37.251  -84.077  -15.249 0.0000000000
23654  -37.076  -83.000  -15.014 0.0000000000
23655  -38.766  -82.553  -14.646 0.0000000000
23656  -39.992  -80.945  -13.923 0.0000000000
23657  -40.763  -79.272  -13.584 0.0000000000
24735  -37.364  -87.616  -9.816 0.0000000000
24736  -39.109  -86.367  -9.906 0.0000000000
24737  -40.493  -85.219  -9.862 0.0000000000
28443  -41.460  -77.461  -4.561 0.0000000000
28444  -41.345  -78.429  -5.339 0.0000000000
28445  -41.505  -79.354  -6.412 0.0000000000
28446  -42.097  -80.131  -7.484 0.0000000000
28447  -42.170  -78.254  -7.151 0.0000000000
28448  -42.911  -77.156  -7.750 0.0000000000
28449  -43.665  -76.257  -8.346 0.0000000000
28452  -44.987  -66.369  -4.022 0.0000000000
28453  -45.126  -66.999  -4.625 0.0000000000
28454  -45.380  -67.566  -5.148 0.0000000000
28455  -41.977  -65.969  -5.479 0.0000000000
28456  -42.709  -66.898  -5.601 0.0000000000
28457  -41.683  -67.747  -5.856 0.0000000000
28458  -41.973  -69.458  -6.363 0.0000000000
28459  -42.549  -71.075  -6.977 0.0000000000
28460  -43.271  -72.480  -7.744 0.0000000000
28461  -42.269  -72.141  -7.924 0.0000000000
28462  -42.183  -73.104  -8.693 0.0000000000
28463  -41.952  -74.015  -9.477 0.0000000000
28464  -41.593  -75.027  -10.289 0.0000000000
28465  -41.072  -73.521  -9.618 0.0000000000
28466  -40.376  -72.732  -9.743 0.0000000000
28467  -39.847  -71.779  -9.937 0.0000000000
28468  -39.502  -63.398  -8.891 0.0000000000
28469  -39.428  -65.439  -9.656 0.0000000000
28470  -39.839  -64.179  -10.061 0.0000000000
30224  -34.565  -87.913  -15.991 0.0000000000
30231  -32.394  -84.175  -15.840 0.0000000000
30232  -33.877  -82.729  -14.944 0.0000000000
30233  -35.302  -81.417  -14.570 0.0000000000
30234  -36.857  -81.885  -14.684 0.0000000000
30235  -36.833  -80.897  -14.538 0.0000000000
30236  -36.742  -79.943  -14.071 0.0000000000
30237  -37.916  -78.350  -13.879 0.0000000000
30238  -38.858  -76.911  -13.985 0.0000000000
30239  -39.609  -75.285  -13.846 0.0000000000
31886  -42.061  -74.253  -4.432 0.0000000000
31887  -42.630  -73.505  -4.772 0.0000000000
31889  -46.151  -65.014  -5.358 0.0000000000
31890  -45.991  -64.380  -5.523 0.0000000000
31891  -44.931  -64.268  -5.600 0.0000000000
31892  -43.710  -64.306  -5.408 0.0000000000
31894  -43.363  -63.251  -5.274 0.0000000000
31895  -42.526  -64.446  -5.301 0.0000000000
31896  -41.330  -65.109  -5.475 0.0000000000
31897  -40.396  -65.937  -5.976 0.0000000000
31898  -39.801  -66.905  -6.678 0.0000000000
31899  -39.502  -67.904  -7.661 0.0000000000
31900  -39.444  -65.769  -6.869 0.0000000000
31901  -39.301  -64.632  -7.088 0.0000000000
31902  -39.332  -63.544  -7.375 0.0000000000
31904  -39.879  -61.635  -6.581 0.0000000000
31905  -39.462  -62.528  -7.692 0.0000000000
31906  -39.693  -61.334  -8.096 0.0000000000
32696  -35.584  -88.479  -13.666 0.0000000000
32697  -36.496  -87.781  -11.696 0.0000000000
32698  -37.028  -87.550  -12.736 0.0000000000
32699  -37.481  -87.168  -13.587 0.0000000000
32700  -39.077  -86.007  -13.369 0.0000000000
32701  -40.551  -84.414  -13.150 0.0000000000
32702  -42.105  -82.583  -12.782 0.0000000000
40242  -39.303  -86.448  -6.861 0.0000000000
40250  -40.032  -84.984  -6.465 0.0000000000
40251  -39.831  -85.869  -7.540 0.0000000000
40252  -40.415  -85.258  -8.165 0.0000000000
40253  -41.070  -84.446  -8.891 0.0000000000
40254  -41.586  -83.589  -9.670 0.0000000000
40255  -42.480  -80.963  -8.569 0.0000000000
40256  -42.480  -81.837  -9.643 0.0000000000
40257  -42.162  -82.765  -10.472 0.0000000000
40258  -42.608  -82.042  -11.229 0.0000000000
40259  -43.027  -81.407  -11.836 0.0000000000
40260  -43.340  -80.705  -12.262 0.0000000000
40267  -42.748  -71.213  -4.195 0.0000000000
40268  -43.066  -72.013  -4.578 0.0000000000
40269  -43.479  -72.654  -5.100 0.0000000000
40270  -45.578  -65.917  -5.442 0.0000000000
40271  -45.217  -66.837  -5.584 0.0000000000
40272  -44.947  -67.962  -5.594 0.0000000000
40273  -43.486  -67.682  -5.732 0.0000000000
40274  -44.158  -68.408  -5.801 0.0000000000
40275  -44.762  -69.161  -5.550 0.0000000000
40276  -44.555  -70.586  -5.467 0.0000000000
40277  -44.370  -71.960  -5.492 0.0000000000
40278  -43.866  -73.389  -5.760 0.0000000000
40279  -44.088  -74.090  -6.707 0.0000000000
40280  -44.142  -74.707  -7.675 0.0000000000
40281  -44.105  -75.572  -8.834 0.0000000000
40282  -43.898  -73.769  -8.509 0.0000000000
40283  -44.059  -75.018  -9.109 0.0000000000
40284  -44.049  -76.561  -9.702 0.0000000000
40285  -44.035  -77.598  -10.494 0.0000000000
40286  -43.817  -78.653  -11.544 0.0000000000
40287  -43.224  -79.858  -12.667 0.0000000000
40288  -42.550  -79.217  -12.915 0.0000000000
40289  -41.762  -78.658  -12.954 0.0000000000
40290  -41.079  -77.927  -12.950 0.0000000000
40291  -41.257  -75.853  -11.144 0.0000000000
40292  -40.854  -76.559  -12.073 0.0000000000
40293  -40.430  -76.999  -12.830 0.0000000000
40294  -39.952  -75.908  -12.717 0.0000000000
40295  -39.793  -74.838  -12.905 0.0000000000
40296  -40.062  -73.860  -13.363 0.0000000000
40297  -39.532  -68.992  -8.612 0.0000000000
40298  -39.531  -69.923  -9.439 0.0000000000
40299  -39.549  -70.677  -10.272 0.0000000000
40300  -39.546  -67.595  -10.267 0.0000000000
40301  -39.528  -69.477  -10.707 0.0000000000
40302  -39.696  -71.095  -11.093 0.0000000000
40303  -40.072  -71.600  -11.990 0.0000000000
40304  -40.387  -72.205  -12.970 0.0000000000
41299  -41.526  -82.782  -13.480 0.0000000000
41300  -40.756  -83.327  -13.941 0.0000000000
41301  -41.525  -82.296  -13.635 0.0000000000
41302  -41.447  -81.805  -13.725 0.0000000000
41303  -42.186  -81.227  -13.378 0.0000000000
41899  -38.345  -87.928  -8.084 0.0000000000
41900  -37.872  -88.345  -8.414 0.0000000000
41901  -38.559  -87.658  -8.335 0.0000000000
41902  -38.822  -87.282  -8.577 0.0000000000
41903  -39.198  -86.913  -8.247 0.0000000000
43961  -42.530  -74.595  -5.307 0.0000000000
43962  -42.241  -75.288  -5.383 0.0000000000
43963  -42.611  -74.980  -5.625 0.0000000000
43964  -42.702  -75.311  -5.996 0.0000000000
43965  -43.023  -74.640  -5.814 0.0000000000
43966  -46.795  -65.089  -4.937 0.0000000000
43967  -46.381  -65.484  -4.921 0.0000000000
43968  -46.474  -65.210  -5.090 0.0000000000
43969  -40.067  -68.352  -6.989 0.0000000000
43970  -40.398  -68.840  -6.933 0.0000000000
43971  -40.271  -69.478  -7.421 0.0000000000
43972  -40.540  -70.447  -7.793 0.0000000000
43973  -40.226  -69.971  -7.869 0.0000000000
43974  -40.228  -70.502  -8.210 0.0000000000
43975  -39.951  -69.484  -7.926 0.0000000000
45176  -35.241  -88.444  -15.051 0.0000000000
45177  -35.835  -84.949  -15.964 0.0000000000
45178  -35.137  -85.614  -16.365 0.0000000000
45179  -35.033  -85.083  -16.245 0.0000000000
45180  -34.132  -85.222  -16.420 0.0000000000
45181  -34.850  -84.582  -16.044 0.0000000000
45182  -34.687  -84.102  -15.780 0.0000000000
45183  -35.515  -83.983  -15.594 0.0000000000
45184  -39.913  -79.200  -13.678 0.0000000000
45185  -39.351  -79.468  -13.772 0.0000000000
45186  -39.708  -78.703  -13.621 0.0000000000
45187  -39.547  -78.213  -13.539 0.0000000000
45188  -40.028  -77.896  -13.425 0.0000000000
46372  -41.317  -62.743  -5.317 0.0000000000
46373  -41.206  -62.276  -5.365 0.0000000000
46374  -40.659  -62.547  -5.560 0.0000000000
46375  -41.170  -61.760  -5.404 0.0000000000
46984  -40.285  -85.317  -10.640 0.0000000000
46985  -39.802  -85.701  -11.156 0.0000000000
46986  -40.484  -85.053  -11.022 0.0000000000
46987  -40.724  -84.708  -11.461 0.0000000000
46988  -41.178  -84.160  -11.016 0.0000000000
49629  -34.525  -81.171  -14.107 0.0000000000
53164  -41.363  -80.629  -6.151 0.0000000000
53165  -41.280  -81.012  -5.732 0.0000000000
53166  -41.360  -81.396  -6.350 0.0000000000
53167  -41.259  -82.268  -6.459 0.0000000000
53168  -41.449  -81.900  -6.855 0.0000000000
53169  -41.527  -82.398  -7.330 0.0000000000
53170  -41.699  -81.494  -7.254 0.0000000000
53171  -43.607  -77.594  -9.285 0.0000000000
53172  -43.393  -78.504  -9.481 0.0000000000
53173  -43.670  -78.090  -9.747 0.0000000000
53174  -43.685  -78.617  -10.207 0.0000000000
53175  -43.866  -77.693  -9.930 0.0000000000
53179  -44.738  -68.358  -4.764 0.0000000000
53180  -44.262  -68.610  -4.574 0.0000000000
53181  -44.461  -68.987  -4.777 0.0000000000
53182  -44.162  -69.577  -4.787 0.0000000000
53183  -44.567  -69.281  -5.021 0.0000000000
53184  -43.601  -65.344  -5.469 0.0000000000
53185  -43.888  -65.810  -5.526 0.0000000000
53186  -43.356  -65.949  -5.508 0.0000000000
53187  -43.309  -70.710  -6.531 0.0000000000
53188  -43.434  -70.323  -6.206 0.0000000000
53189  -43.771  -70.980  -6.478 0.0000000000
53190  -44.207  -71.275  -6.439 0.0000000000
53191  -44.065  -71.679  -6.806 0.0000000000
53192  -44.406  -72.337  -7.101 0.0000000000
53193  -44.013  -72.124  -7.174 0.0000000000
53194  -42.666  -74.776  -9.725 0.0000000000
53195  -43.208  -74.903  -9.608 0.0000000000
53196  -43.000  -75.437  -10.113 0.0000000000
53197  -43.294  -76.112  -10.524 0.0000000000
53198  -42.802  -76.006  -10.582 0.0000000000
53199  -42.592  -76.599  -11.001 0.0000000000
53200  -42.315  -75.881  -10.644 0.0000000000
53201  -39.974  -72.964  -10.547 0.0000000000
53202  -40.085  -73.825  -10.855 0.0000000000
53203  -39.940  -73.248  -10.937 0.0000000000
53204  -39.916  -73.516  -11.355 0.0000000000
53205  -39.864  -72.633  -11.076 0.0000000000
53206  -39.142  -65.065  -8.280 0.0000000000
53207  -39.119  -66.138  -8.693 0.0000000000
53208  -39.166  -65.569  -8.887 0.0000000000
53210  -40.405  -67.792  -11.800 0.0000000000
54774  -38.420  -86.048  -14.345 0.0000000000
54775  -37.635  -86.331  -14.838 0.0000000000
54776  -38.445  -85.723  -14.695 0.0000000000
54777  -39.127  -84.228  -14.837 0.0000000000
54778  -38.385  -84.977  -15.083 0.0000000000
54779  -38.274  -84.500  -15.141 0.0000000000
54780  -37.455  -84.647  -15.347 0.0000000000
54781  -38.225  -83.974  -15.063 0.0000000000
54782  -38.111  -83.401  -14.983 0.0000000000
54783  -38.886  -83.168  -14.758 0.0000000000
54784  -41.016  -80.870  -13.809 0.0000000000
54785  -40.241  -81.356  -14.009 0.0000000000
54786  -40.725  -80.487  -13.784 0.0000000000
54787  -40.429  -80.113  -13.732 0.0000000000
54788  -41.077  -79.665  -13.581 0.0000000000
56577  -36.717  -89.021  -8.940 0.0000000000
56578  -35.920  -89.638  -8.995 0.0000000000
56579  -36.103  -89.252  -9.239 0.0000000000
56581  -36.308  -88.826  -9.491 0.0000000000
56582  -36.489  -88.316  -9.778 0.0000000000
56583  -37.169  -88.110  -9.451 0.0000000000
56584  -39.287  -86.494  -9.127 0.0000000000
56585  -38.853  -86.719  -9.507 0.0000000000
56586  -39.531  -86.157  -9.506 0.0000000000
56587  -39.788  -85.887  -9.916 0.0000000000
56588  -40.220  -85.545  -9.526 0.0000000000
62763  -41.611  -76.624  -4.514 0.0000000000
62764  -41.632  -76.967  -5.532 0.0000000000
62765  -41.516  -77.490  -5.211 0.0000000000
62766  -41.446  -77.947  -5.716 0.0000000000
62767  -41.354  -78.896  -5.880 0.0000000000
62768  -41.571  -78.437  -6.249 0.0000000000
62769  -41.810  -78.855  -6.782 0.0000000000
62770  -41.881  -77.945  -6.577 0.0000000000
62771  -42.932  -75.986  -6.934 0.0000000000
62772  -42.690  -76.834  -7.247 0.0000000000
62773  -43.110  -76.310  -7.530 0.0000000000
62774  -43.315  -76.693  -8.072 0.0000000000
62775  -43.479  -75.859  -7.768 0.0000000000
62778  -45.479  -65.987  -4.096 0.0000000000
62779  -45.766  -66.420  -4.922 0.0000000000
62780  -45.465  -66.601  -4.661 0.0000000000
62781  -45.473  -66.835  -4.927 0.0000000000
62782  -45.230  -67.294  -4.868 0.0000000000
62783  -45.523  -67.122  -5.193 0.0000000000
62784  -41.348  -66.397  -5.665 0.0000000000
62785  -41.760  -66.854  -5.627 0.0000000000
62786  -41.298  -67.330  -5.879 0.0000000000
62787  -41.198  -69.696  -6.802 0.0000000000
62788  -41.444  -69.140  -6.427 0.0000000000
62789  -41.672  -70.017  -6.734 0.0000000000
62790  -42.183  -70.283  -6.671 0.0000000000
62791  -41.979  -70.874  -7.077 0.0000000000
62792  -42.355  -71.635  -7.443 0.0000000000
62793  -41.848  -71.404  -7.540 0.0000000000
62794  -41.232  -72.096  -8.368 0.0000000000
62795  -41.727  -72.414  -8.357 0.0000000000
62796  -41.699  -72.921  -8.745 0.0000000000
62797  -42.093  -73.562  -9.075 0.0000000000
62798  -41.593  -73.333  -9.170 0.0000000000
62799  -41.505  -73.802  -9.546 0.0000000000
62800  -41.168  -73.055  -9.249 0.0000000000
62801  -40.193  -71.351  -9.041 0.0000000000
62802  -40.461  -72.284  -9.362 0.0000000000
62803  -40.155  -71.846  -9.421 0.0000000000
62804  -40.076  -72.273  -9.812 0.0000000000
62805  -39.904  -71.409  -9.547 0.0000000000
62806  -39.690  -62.766  -9.138 0.0000000000
62807  -39.632  -63.782  -9.479 0.0000000000
62808  -39.853  -63.167  -9.718 0.0000000000
66407  -36.107  -86.869  -15.608 0.0000000000
66408  -35.419  -87.605  -15.664 0.0000000000
66409  -35.371  -87.167  -15.951 0.0000000000
66410  -33.638  -87.178  -16.485 0.0000000000
66411  -33.685  -87.655  -16.364 0.0000000000
66417  -32.298  -85.755  -16.448 0.0000000000
66418  -31.393  -86.511  -16.497 0.0000000000
66419  -31.329  -85.997  -16.531 0.0000000000
66421  -31.354  -85.460  -16.467 0.0000000000
66422  -31.414  -84.946  -16.287 0.0000000000
66423  -32.318  -84.703  -16.161 0.0000000000
66424  -34.586  -83.129  -15.175 0.0000000000
66425  -33.901  -83.262  -15.248 0.0000000000
66426  -34.594  -82.592  -14.943 0.0000000000
66427  -34.581  -82.036  -14.733 0.0000000000
66428  -35.364  -81.908  -14.786 0.0000000000
66429  -37.857  -82.196  -14.721 0.0000000000
66430  -36.962  -82.441  -14.822 0.0000000000
66431  -37.739  -81.675  -14.551 0.0000000000
66432  -38.153  -79.944  -14.042 0.0000000000
66433  -37.556  -80.655  -14.349 0.0000000000
66434  -37.487  -80.140  -14.190 0.0000000000
66435  -36.808  -80.429  -14.308 0.0000000000
66436  -37.404  -79.632  -14.019 0.0000000000
66437  -37.308  -79.119  -13.872 0.0000000000
66438  -37.979  -78.863  -13.868 0.0000000000
66439  -39.319  -77.127  -13.645 0.0000000000
66440  -38.892  -77.377  -13.834 0.0000000000
66441  -39.270  -76.572  -13.766 0.0000000000
66442  -39.274  -76.130  -13.954 0.0000000000
66443  -39.565  -75.746  -13.629 0.0000000000
69973  -42.175  -73.499  -4.299 0.0000000000
69974  -42.326  -73.875  -4.610 0.0000000000
69975  -42.490  -73.163  -4.462 0.0000000000
69981  -44.777  -63.849  -5.572 0.0000000000
69982  -44.349  -64.271  -5.507 0.0000000000
69983  -44.127  -63.828  -5.463 0.0000000000
69987  -42.593  -62.870  -5.214 0.0000000000
69988  -43.241  -62.793  -5.276 0.0000000000
69989  -42.724  -63.337  -5.200 0.0000000000
69990  -42.849  -63.806  -5.241 0.0000000000
69991  -42.301  -63.942  -5.248 0.0000000000
69992  -41.918  -64.764  -5.323 0.0000000000
69993  -41.666  -64.237  -5.296 0.0000000000
69994  -40.439  -64.470  -5.680 0.0000000000
69995  -40.594  -64.994  -5.687 0.0000000000
69996  -40.198  -65.423  -5.988 0.0000000000
69997  -40.051  -66.404  -6.317 0.0000000000
69998  -39.834  -65.874  -6.356 0.0000000000
69999  -39.589  -66.404  -6.788 0.0000000000
70000  -39.684  -65.295  -6.366 0.0000000000
70001  -39.817  -63.262  -6.233 0.0000000000
70002  -39.534  -64.206  -6.572 0.0000000000
70003  -39.478  -63.662  -6.697 0.0000000000
70004  -39.298  -64.067  -7.229 0.0000000000
70005  -39.492  -63.163  -6.796 0.0000000000
70011  -39.941  -61.107  -6.734 0.0000000000
70012  -39.624  -62.061  -7.132 0.0000000000
70013  -39.680  -61.504  -7.299 0.0000000000
70014  -39.573  -61.944  -7.881 0.0000000000
71829  -36.889  -87.577  -10.688 0.0000000000
71831  -37.178  -87.342  -11.213 0.0000000000
71832  -38.637  -86.625  -12.105 0.0000000000
71833  -37.691  -87.123  -12.219 0.0000000000
71834  -37.963  -87.035  -12.684 0.0000000000
71835  -37.266  -87.391  -13.177 0.0000000000
71836  -38.126  -86.828  -13.135 0.0000000000
71837  -38.243  -86.593  -13.541 0.0000000000
71838  -38.960  -86.254  -12.999 0.0000000000
71839  -41.046  -84.095  -12.298 0.0000000000
71840  -40.453  -84.722  -12.766 0.0000000000
71841  -41.188  -83.836  -12.650 0.0000000000
71842  -41.324  -83.531  -12.935 0.0000000000
71843  -41.896  -82.922  -12.527 0.0000000000
90360  -39.458  -86.047  -6.249 0.0000000000
90379  -40.731  -83.860  -6.684 0.0000000000
90380  -40.469  -84.138  -6.332 0.0000000000
90381  -40.322  -84.654  -6.818 0.0000000000
90382  -39.927  -85.437  -6.991 0.0000000000
90383  -40.233  -85.128  -7.328 0.0000000000
90384  -40.107  -85.569  -7.842 0.0000000000
90385  -40.572  -84.802  -7.687 0.0000000000
90386  -41.549  -83.310  -8.425 0.0000000000
90387  -41.234  -84.045  -8.448 0.0000000000
90388  -41.499  -83.636  -8.873 0.0000000000
90389  -41.381  -83.993  -9.306 0.0000000000
90390  -41.769  -83.196  -9.286 0.0000000000
90391  -42.415  -79.569  -7.910 0.0000000000
90392  -42.336  -80.516  -8.041 0.0000000000
90393  -42.624  -79.994  -8.441 0.0000000000
90394  -43.031  -80.419  -9.867 0.0000000000
90395  -42.756  -80.919  -9.504 0.0000000000
90396  -42.783  -81.329  -10.007 0.0000000000
90397  -42.368  -82.252  -10.055 0.0000000000
90398  -42.645  -81.838  -10.444 0.0000000000
90399  -42.389  -82.356  -10.855 0.0000000000
90400  -42.882  -81.477  -10.809 0.0000000000
90401  -43.621  -79.822  -11.120 0.0000000000
90402  -43.279  -80.770  -11.366 0.0000000000
90403  -43.456  -80.413  -11.611 0.0000000000
90404  -43.217  -81.088  -12.065 0.0000000000
90405  -43.603  -80.099  -11.751 0.0000000000
90417  -43.394  -69.100  -4.170 0.0000000000
90423  -42.915  -70.482  -4.229 0.0000000000
90424  -43.666  -70.874  -4.823 0.0000000000
90425  -43.276  -71.217  -4.615 0.0000000000
90426  -43.440  -71.585  -4.809 0.0000000000
90427  -43.225  -72.326  -4.829 0.0000000000
90428  -43.657  -71.939  -5.017 0.0000000000
90429  -45.761  -65.101  -5.481 0.0000000000
90430  -45.863  -65.473  -5.378 0.0000000000
90431  -45.448  -65.532  -5.538 0.0000000000
90432  -44.508  -66.580  -5.654 0.0000000000
90433  -44.979  -66.458  -5.686 0.0000000000
90434  -44.844  -66.980  -5.674 0.0000000000
90435  -45.078  -67.394  -5.588 0.0000000000
90436  -44.688  -67.558  -5.681 0.0000000000
90437  -42.650  -67.698  -5.715 0.0000000000
90438  -43.092  -67.283  -5.659 0.0000000000
90439  -43.098  -68.091  -5.774 0.0000000000
90440  -43.996  -69.528  -5.931 0.0000000000
90441  -43.889  -68.834  -5.867 0.0000000000
90442  -44.288  -69.173  -5.876 0.0000000000
90443  -44.543  -68.763  -5.742 0.0000000000
90444  -44.575  -69.500  -5.687 0.0000000000
90445  -44.657  -69.869  -5.474 0.0000000000
90446  -44.615  -70.206  -5.741 0.0000000000
90447  -44.713  -71.935  -6.137 0.0000000000
90448  -44.669  -71.609  -5.795 0.0000000000
90449  -44.549  -72.285  -5.877 0.0000000000
90450  -44.175  -72.670  -5.619 0.0000000000
90451  -44.310  -72.996  -5.999 0.0000000000
90452  -43.995  -73.750  -6.204 0.0000000000
90453  -44.423  -73.336  -6.469 0.0000000000
90454  -44.481  -73.808  -7.791 0.0000000000
90455  -44.428  -74.032  -7.511 0.0000000000
90456  -44.333  -74.398  -7.968 0.0000000000
90457  -44.103  -75.107  -8.247 0.0000000000
90458  -44.233  -74.818  -8.488 0.0000000000
90459  -43.182  -72.961  -8.211 0.0000000000
90460  -43.665  -73.128  -8.140 0.0000000000
90461  -43.550  -73.554  -8.564 0.0000000000
90462  -43.892  -75.251  -9.579 0.0000000000
90463  -43.934  -74.759  -9.205 0.0000000000
90464  -44.032  -75.481  -9.519 0.0000000000
90465  -44.065  -75.766  -9.407 0.0000000000
90466  -44.076  -76.285  -9.819 0.0000000000
90467  -44.016  -77.077  -10.114 0.0000000000
90468  -44.056  -76.839  -10.201 0.0000000000
90469  -43.715  -77.540  -11.241 0.0000000000
90470  -43.885  -77.761  -11.175 0.0000000000
90471  -43.686  -78.379  -11.668 0.0000000000
90472  -43.578  -79.285  -12.086 0.0000000000
90473  -43.372  -79.006  -12.219 0.0000000000
90474  -42.914  -79.522  -12.815 0.0000000000
90475  -42.964  -78.764  -12.342 0.0000000000
90476  -42.021  -77.609  -11.991 0.0000000000
90477  -42.123  -78.297  -12.467 0.0000000000
90478  -41.705  -77.983  -12.499 0.0000000000
90479  -41.410  -78.314  -12.944 0.0000000000
90480  -41.358  -77.654  -12.544 0.0000000000
90481  -41.180  -74.755  -10.330 0.0000000000
90482  -41.437  -75.454  -10.711 0.0000000000
90483  -41.031  -75.137  -10.745 0.0000000000
90484  -40.356  -75.367  -11.611 0.0000000000
90485  -40.675  -75.828  -11.629 0.0000000000
90486  -40.509  -76.091  -12.023 0.0000000000
90487  -40.653  -76.780  -12.467 0.0000000000
90488  -40.310  -76.265  -12.414 0.0000000000
90489  -40.145  -76.479  -12.768 0.0000000000
90490  -40.071  -75.721  -12.360 0.0000000000
90491  -39.908  -73.858  -12.158 0.0000000000
90492  -39.833  -74.614  -12.449 0.0000000000
90493  -39.917  -74.070  -12.591 0.0000000000
90494  -39.884  -74.310  -13.107 0.0000000000
90495  -40.065  -73.550  -12.804 0.0000000000
90496  -39.318  -67.337  -7.708 0.0000000000
90497  -39.516  -68.480  -8.116 0.0000000000
90498  -39.341  -67.940  -8.240 0.0000000000
90499  -39.297  -68.357  -9.383 0.0000000000
90500  -39.365  -68.911  -9.192 0.0000000000
90501  -39.422  -69.407  -9.629 0.0000000000
90502  -39.535  -70.365  -9.868 0.0000000000
90503  -39.472  -69.775  -10.062 0.0000000000
90504  -39.676  -65.833  -10.194 0.0000000000
90505  -39.486  -66.515  -9.983 0.0000000000
90506  -39.733  -66.929  -10.468 0.0000000000
90507  -39.855  -69.001  -11.375 0.0000000000
90508  -39.685  -68.863  -10.912 0.0000000000
90509  -39.704  -69.613  -11.162 0.0000000000
90510  -39.645  -70.261  -10.924 0.0000000000
90511  -39.747  -70.440  -11.343 0.0000000000
90512  -39.895  -71.337  -11.524 0.0000000000
90513  -39.984  -70.661  -11.818 0.0000000000
90515  -40.437  -71.286  -12.775 0.0000000000
92769  -39.914  -84.629  -13.948 0.0000000000
92770  -39.130  -85.073  -14.464 0.0000000000
92771  -39.967  -84.243  -14.221 0.0000000000
92772  -39.984  -83.806  -14.403 0.0000000000
92773  -39.931  -83.334  -14.503 0.0000000000
92774  -39.768  -82.852  -14.500 0.0000000000
92775  -40.635  -82.320  -14.101 0.0000000000
92776  -41.282  -81.295  -13.786 0.0000000000
92777  -41.734  -80.388  -13.575 0.0000000000
93849  -36.955  -89.250  -8.180 0.0000000000
93850  -36.425  -89.639  -8.458 0.0000000000
93851  -37.137  -89.017  -8.439 0.0000000000
93852  -37.338  -88.727  -8.692 0.0000000000
93853  -37.549  -88.356  -8.923 0.0000000000
93854  -37.787  -87.872  -9.177 0.0000000000
93855  -38.312  -87.634  -8.911 0.0000000000
93856  -39.052  -86.868  -8.814 0.0000000000
93857  -39.677  -86.181  -8.783 0.0000000000
97561  -41.997  -75.389  -4.816 0.0000000000
97562  -41.706  -76.161  -4.805 0.0000000000
97563  -41.927  -75.681  -5.106 0.0000000000
97564  -41.946  -76.063  -5.420 0.0000000000
97565  -41.960  -76.495  -5.886 0.0000000000
97566  -42.069  -76.936  -6.383 0.0000000000
97567  -42.354  -76.039  -6.180 0.0000000000
97568  -42.808  -75.607  -6.439 0.0000000000
97569  -43.267  -75.250  -6.687 0.0000000000
97570  -46.377  -65.525  -4.463 0.0000000000
97571  -45.851  -65.860  -4.401 0.0000000000
97572  -46.177  -65.724  -4.670 0.0000000000
97573  -46.047  -65.958  -4.902 0.0000000000
97574  -45.918  -66.159  -5.110 0.0000000000
97575  -40.561  -67.381  -6.247 0.0000000000
97576  -40.908  -67.824  -6.201 0.0000000000
97577  -40.612  -68.324  -6.568 0.0000000000
97578  -40.773  -69.298  -6.881 0.0000000000
97579  -41.030  -70.255  -7.240 0.0000000000
97580  -41.366  -71.105  -7.617 0.0000000000
97581  -40.924  -70.772  -7.698 0.0000000000
97582  -40.882  -71.287  -8.032 0.0000000000
97583  -40.805  -71.763  -8.418 0.0000000000
97584  -40.816  -72.266  -8.886 0.0000000000
97585  -40.499  -71.456  -8.511 0.0000000000
97586  -40.201  -70.954  -8.642 0.0000000000
97587  -39.924  -70.479  -8.779 0.0000000000
97588  -40.058  -61.599  -9.644 0.0000000000
97589  -40.062  -62.596  -9.991 0.0000000000
99749  -35.949  -86.025  -16.068 0.0000000000
99750  -35.268  -86.702  -16.188 0.0000000000
99751  -35.190  -86.180  -16.328 0.0000000000
99752  -34.356  -86.389  -16.514 0.0000000000
99753  -33.443  -86.611  -16.616 0.0000000000
99754  -32.514  -86.846  -16.564 0.0000000000
99755  -33.331  -86.050  -16.569 0.0000000000
99756  -33.250  -85.486  -16.406 0.0000000000
99757  -33.130  -84.945  -16.188 0.0000000000
99758  -33.153  -84.429  -15.978 0.0000000000
99759  -33.897  -84.197  -15.845 0.0000000000
99760  -34.588  -83.622  -15.444 0.0000000000
99761  -35.387  -83.021  -15.100 0.0000000000
99762  -39.107  -80.758  -14.026 0.0000000000
99763  -38.406  -80.949  -14.235 0.0000000000
99764  -38.950  -80.252  -13.940 0.0000000000
99765  -38.771  -79.739  -13.897 0.0000000000
99766  -38.630  -79.197  -13.849 0.0000000000
99767  -38.534  -78.639  -13.841 0.0000000000
99768  -39.045  -78.446  -13.702 0.0000000000
99769  -39.412  -77.677  -13.566 0.0000000000
99770  -39.631  -76.831  -13.388 0.0000000000
101898  -42.459  -62.382  -5.249 0.0000000000
101899  -41.937  -63.019  -5.212 0.0000000000
101900  -41.496  -63.709  -5.266 0.0000000000
101901  -41.393  -63.228  -5.280 0.0000000000
101902  -40.815  -63.591  -5.448 0.0000000000
101903  -40.316  -63.907  -5.701 0.0000000000
101904  -39.942  -64.322  -6.060 0.0000000000
101905  -40.248  -63.391  -5.768 0.0000000000
101906  -40.194  -62.900  -5.854 0.0000000000
101907  -40.179  -62.348  -5.917 0.0000000000
103002  -38.753  -86.489  -10.737 0.0000000000
103003  -38.105  -86.813  -11.223 0.0000000000
103004  -39.041  -86.302  -11.207 0.0000000000
103005  -39.284  -86.166  -11.621 0.0000000000
103006  -39.470  -86.016  -12.043 0.0000000000
103007  -39.620  -85.832  -12.462 0.0000000000
103008  -40.263  -85.223  -11.980 0.0000000000
103009  -40.915  -84.383  -11.893 0.0000000000
103010  -41.614  -83.454  -11.844 0.0000000000
114126  -41.098  -79.625  -5.085 0.0000000000
114127  -41.109  -79.989  -4.662 0.0000000000
114128  -41.134  -80.508  -5.186 0.0000000000
114129  -41.231  -81.372  -5.324 0.0000000000
114130  -41.212  -82.073  -5.485 0.0000000000
114131  -41.009  -82.807  -5.663 0.0000000000
114132  -41.111  -82.559  -6.048 0.0000000000
114133  -41.049  -83.085  -6.564 0.0000000000
114134  -41.002  -83.575  -7.036 0.0000000000
114135  -40.929  -84.019  -7.575 0.0000000000
114136  -41.278  -83.225  -7.439 0.0000000000
114137  -41.578  -82.851  -7.888 0.0000000000
114138  -41.903  -82.414  -8.328 0.0000000000
114139  -43.003  -78.479  -8.628 0.0000000000
114140  -42.883  -79.463  -8.820 0.0000000000
114141  -43.097  -78.965  -9.170 0.0000000000
114142  -43.201  -79.478  -9.656 0.0000000000
114143  -43.259  -80.034  -10.179 0.0000000000
114144  -43.197  -80.568  -10.658 0.0000000000
114145  -43.472  -79.647  -10.429 0.0000000000
114146  -43.660  -79.255  -10.642 0.0000000000
114147  -43.788  -78.906  -10.798 0.0000000000
114153  -44.362  -67.660  -4.332 0.0000000000
114154  -43.883  -67.868  -4.128 0.0000000000
114155  -44.074  -68.246  -4.345 0.0000000000
114156  -43.831  -68.851  -4.368 0.0000000000
114157  -43.556  -69.468  -4.379 0.0000000000
114158  -43.307  -70.144  -4.414 0.0000000000
114159  -43.678  -69.865  -4.575 0.0000000000
114160  -43.876  -70.213  -4.817 0.0000000000
114161  -44.065  -70.582  -5.030 0.0000000000
114162  -44.692  -65.113  -5.569 0.0000000000
114163  -44.931  -65.592  -5.631 0.0000000000
114164  -44.383  -65.658  -5.559 0.0000000000
114165  -44.177  -66.199  -5.593 0.0000000000
114166  -44.015  -66.737  -5.666 0.0000000000
114167  -42.800  -69.321  -6.064 0.0000000000
114168  -43.177  -68.866  -5.890 0.0000000000
114169  -43.250  -69.614  -6.029 0.0000000000
114170  -43.724  -69.922  -6.033 0.0000000000
114171  -44.151  -70.189  -6.029 0.0000000000
114172  -44.482  -70.502  -5.935 0.0000000000
114173  -44.381  -70.880  -6.188 0.0000000000
114174  -44.616  -71.604  -6.366 0.0000000000
114175  -44.671  -72.306  -6.542 0.0000000000
114176  -44.601  -72.995  -6.755 0.0000000000
114177  -44.600  -72.655  -6.971 0.0000000000
114178  -44.672  -73.044  -7.418 0.0000000000
114179  -44.337  -73.566  -7.969 0.0000000000
114180  -43.084  -73.863  -8.980 0.0000000000
114181  -43.519  -73.957  -8.933 0.0000000000
114182  -43.362  -74.452  -9.259 0.0000000000
114183  -43.621  -75.059  -9.604 0.0000000000
114184  -43.848  -75.778  -9.977 0.0000000000
114185  -43.992  -76.569  -10.329 0.0000000000
114186  -43.708  -76.303  -10.439 0.0000000000
114187  -43.557  -76.863  -10.862 0.0000000000
114188  -43.309  -77.438  -11.371 0.0000000000
114189  -42.958  -78.032  -11.873 0.0000000000
114190  -42.828  -77.325  -11.447 0.0000000000
114191  -42.308  -77.175  -11.457 0.0000000000
114192  -41.887  -76.905  -11.520 0.0000000000
114193  -40.447  -73.968  -10.439 0.0000000000
114194  -40.651  -74.726  -10.797 0.0000000000
114195  -40.332  -74.290  -10.838 0.0000000000
114196  -40.218  -74.633  -11.237 0.0000000000
114197  -40.101  -74.856  -11.612 0.0000000000
114198  -39.990  -74.988  -11.977 0.0000000000
114199  -39.938  -74.261  -11.646 0.0000000000
114200  -39.907  -73.651  -11.733 0.0000000000
114201  -39.961  -73.046  -11.915 0.0000000000
114202  -39.126  -66.186  -7.960 0.0000000000
114203  -39.205  -67.372  -8.368 0.0000000000
114204  -39.133  -66.741  -8.510 0.0000000000
114205  -39.199  -67.273  -9.070 0.0000000000
114206  -39.273  -67.765  -9.555 0.0000000000
114207  -40.286  -66.691  -11.198 0.0000000000
114208  -39.997  -67.311  -10.941 0.0000000000
114209  -40.208  -67.619  -11.336 0.0000000000
114210  -40.113  -68.372  -11.570 0.0000000000
114211  -40.096  -69.173  -11.853 0.0000000000
114212  -40.128  -69.998  -12.115 0.0000000000
114213  -40.336  -69.415  -12.378 0.0000000000
116619  -36.846  -87.332  -14.476 0.0000000000
116620  -36.083  -87.731  -14.963 0.0000000000
116621  -36.850  -86.978  -14.869 0.0000000000
116622  -36.829  -86.624  -15.209 0.0000000000
116623  -36.787  -86.262  -15.499 0.0000000000
116624  -38.440  -85.373  -14.937 0.0000000000
116625  -37.590  -85.608  -15.303 0.0000000000
116626  -36.745  -85.839  -15.669 0.0000000000
116627  -36.667  -85.356  -15.745 0.0000000000
116628  -36.569  -84.821  -15.706 0.0000000000
116629  -36.489  -84.269  -15.535 0.0000000000
116630  -36.327  -83.777  -15.370 0.0000000000
116631  -37.157  -83.545  -15.152 0.0000000000
116632  -37.936  -82.762  -14.925 0.0000000000
116633  -38.628  -81.981  -14.537 0.0000000000
116634  -39.593  -82.318  -14.387 0.0000000000
116635  -39.429  -81.770  -14.248 0.0000000000
116636  -39.251  -81.249  -14.146 0.0000000000
116637  -39.764  -80.505  -13.854 0.0000000000
116638  -40.152  -79.677  -13.714 0.0000000000
116639  -40.476  -78.859  -13.569 0.0000000000
119144  -35.818  -89.981  -8.751 0.0000000000
119152  -36.668  -87.901  -10.207 0.0000000000
119153  -37.549  -87.192  -10.279 0.0000000000
119154  -38.037  -87.353  -9.473 0.0000000000
119155  -38.224  -86.998  -9.893 0.0000000000
119156  -38.477  -86.721  -10.305 0.0000000000
119157  -39.362  -86.099  -10.321 0.0000000000
119158  -40.047  -85.601  -10.274 0.0000000000
119159  -40.786  -84.881  -10.137 0.0000000000
127805  -41.286  -78.302  -4.566 0.0000000000
127806  -41.550  -77.015  -4.827 0.0000000000
127807  -41.399  -77.932  -4.886 0.0000000000
127808  -41.203  -78.783  -4.976 0.0000000000
127809  -41.229  -79.301  -5.486 0.0000000000
127810  -41.347  -79.784  -6.035 0.0000000000
127811  -41.499  -80.245  -6.599 0.0000000000
127812  -41.784  -80.598  -7.124 0.0000000000
127813  -41.784  -79.737  -6.954 0.0000000000
127814  -42.106  -79.198  -7.332 0.0000000000
127815  -42.461  -78.607  -7.725 0.0000000000
127816  -42.280  -77.370  -6.937 0.0000000000
127817  -42.541  -77.674  -7.480 0.0000000000
127818  -42.793  -78.039  -8.033 0.0000000000
127819  -43.143  -77.566  -8.358 0.0000000000
127820  -43.497  -77.125  -8.684 0.0000000000
127821  -43.818  -76.694  -8.986 0.0000000000
127826  -44.618  -66.797  -4.039 0.0000000000
127827  -45.404  -66.278  -4.340 0.0000000000
127828  -45.059  -66.671  -4.324 0.0000000000
127829  -44.708  -67.135  -4.333 0.0000000000
127830  -44.842  -67.476  -4.582 0.0000000000
127831  -45.077  -67.802  -4.819 0.0000000000
127832  -45.102  -68.074  -5.089 0.0000000000
127833  -42.518  -65.686  -5.385 0.0000000000
127834  -42.849  -66.168  -5.501 0.0000000000
127835  -42.362  -66.442  -5.504 0.0000000000
127836  -42.198  -67.287  -5.650 0.0000000000
127837  -42.191  -68.183  -5.855 0.0000000000
127838  -41.308  -68.242  -6.143 0.0000000000
127839  -41.804  -68.687  -6.109 0.0000000000
127840  -42.305  -69.026  -6.092 0.0000000000
127841  -42.549  -69.802  -6.305 0.0000000000
127842  -42.768  -70.464  -6.604 0.0000000000
127843  -43.124  -71.260  -6.879 0.0000000000
127844  -43.463  -71.952  -7.240 0.0000000000
127845  -42.914  -71.795  -7.326 0.0000000000
127846  -42.781  -72.341  -7.828 0.0000000000
127847  -42.702  -72.807  -8.276 0.0000000000
127848  -41.771  -71.896  -7.989 0.0000000000
127849  -42.215  -72.644  -8.341 0.0000000000
127850  -42.679  -73.283  -8.654 0.0000000000
127851  -42.605  -73.734  -9.019 0.0000000000
127852  -42.380  -74.142  -9.402 0.0000000000
127853  -42.200  -74.649  -9.816 0.0000000000
127854  -42.023  -75.199  -10.250 0.0000000000
127855  -41.785  -74.492  -9.886 0.0000000000
127856  -41.381  -74.271  -9.953 0.0000000000
127857  -40.950  -73.990  -9.993 0.0000000000
127858  -40.791  -72.705  -9.314 0.0000000000
127859  -40.722  -73.157  -9.700 0.0000000000
127860  -40.567  -73.601  -10.049 0.0000000000
127861  -40.237  -73.130  -10.113 0.0000000000
127862  -40.007  -72.621  -10.181 0.0000000000
127863  -39.830  -72.080  -10.300 0.0000000000
127864  -39.352  -63.989  -8.707 0.0000000000
127865  -39.258  -65.034  -9.084 0.0000000000
127866  -39.422  -64.410  -9.262 0.0000000000
127867  -39.617  -64.805  -9.845 0.0000000000
127868  -39.904  -65.221  -10.402 0.0000000000
127869  -40.077  -63.548  -10.286 0.0000000000
127870  -40.151  -64.584  -10.642 0.0000000000
127871  -40.260  -65.634  -10.960 0.0000000000
129180  -37.436  -88.864  -7.916 0.0000000000
129181  -38.150  -88.151  -7.817 0.0000000000
129182  -38.757  -87.499  -7.714 0.0000000000
132500  -35.352  -88.054  -15.405 0.0000000000
132503  -34.546  -87.447  -16.207 0.0000000000
132504  -33.696  -88.146  -16.198 0.0000000000
132512  -31.546  -87.042  -16.409 0.0000000000
132520  -31.535  -84.410  -15.835 0.0000000000
132521  -32.445  -83.648  -15.447 0.0000000000
132522  -33.152  -83.913  -15.693 0.0000000000
132523  -33.128  -83.411  -15.330 0.0000000000
132524  -33.197  -82.886  -15.009 0.0000000000
132525  -33.857  -82.239  -14.643 0.0000000000
132526  -34.543  -81.607  -14.469 0.0000000000
132527  -35.264  -80.951  -14.275 0.0000000000
132528  -36.226  -83.245  -15.152 0.0000000000
132529  -36.159  -82.685  -14.930 0.0000000000
132530  -36.110  -82.130  -14.775 0.0000000000
132531  -37.606  -81.171  -14.420 0.0000000000
132532  -36.821  -81.372  -14.599 0.0000000000
132533  -36.114  -81.652  -14.705 0.0000000000
132534  -36.087  -81.179  -14.571 0.0000000000
132535  -36.027  -80.712  -14.341 0.0000000000
132536  -36.009  -80.260  -14.014 0.0000000000
132539  -37.875  -77.868  -13.958 0.0000000000
132540  -38.473  -78.102  -13.867 0.0000000000
132541  -38.434  -77.639  -13.944 0.0000000000
132542  -38.403  -77.203  -14.125 0.0000000000
132543  -38.848  -76.520  -14.216 0.0000000000
132544  -39.317  -75.735  -14.209 0.0000000000
132545  -39.699  -74.891  -14.109 0.0000000000
137016  -41.950  -75.030  -4.521 0.0000000000
137017  -42.187  -74.614  -4.747 0.0000000000
137018  -42.447  -74.225  -4.946 0.0000000000
137019  -42.791  -73.886  -5.070 0.0000000000
137021  -46.509  -64.913  -5.221 0.0000000000
137023  -46.082  -64.709  -5.455 0.0000000000
137024  -45.637  -64.743  -5.559 0.0000000000
137026  -45.501  -64.340  -5.603 0.0000000000
137027  -45.090  -64.676  -5.604 0.0000000000
137028  -44.505  -64.671  -5.521 0.0000000000
137029  -43.953  -64.764  -5.470 0.0000000000
137030  -43.342  -64.857  -5.401 0.0000000000
137033  -44.525  -62.881  -5.624 0.0000000000
137035  -43.872  -62.736  -5.432 0.0000000000
137036  -43.983  -63.291  -5.438 0.0000000000
137037  -43.489  -63.802  -5.342 0.0000000000
137038  -43.093  -64.352  -5.323 0.0000000000
137039  -42.749  -64.992  -5.363 0.0000000000
137040  -42.203  -65.260  -5.348 0.0000000000
137041  -41.622  -65.542  -5.481 0.0000000000
137042  -41.069  -65.979  -5.695 0.0000000000
137043  -41.105  -64.584  -5.450 0.0000000000
137044  -40.817  -65.507  -5.698 0.0000000000
137045  -40.631  -66.432  -5.958 0.0000000000
137046  -40.284  -66.872  -6.258 0.0000000000
137047  -40.047  -67.372  -6.613 0.0000000000
137048  -39.804  -67.872  -7.078 0.0000000000
137049  -39.706  -68.465  -7.588 0.0000000000
137050  -39.599  -67.416  -7.200 0.0000000000
137051  -39.416  -66.843  -7.272 0.0000000000
137052  -39.271  -66.230  -7.356 0.0000000000
137053  -39.612  -64.731  -6.440 0.0000000000
137054  -39.356  -65.172  -6.960 0.0000000000
137055  -39.206  -65.661  -7.470 0.0000000000
137056  -39.169  -65.118  -7.580 0.0000000000
137057  -39.160  -64.608  -7.725 0.0000000000
137058  -39.202  -64.084  -7.923 0.0000000000
137060  -40.614  -61.492  -5.701 0.0000000000
137061  -40.185  -61.788  -6.023 0.0000000000
137064  -39.797  -62.197  -6.469 0.0000000000
137065  -39.555  -62.626  -6.966 0.0000000000
137066  -39.394  -63.043  -7.523 0.0000000000
137067  -39.340  -63.529  -8.108 0.0000000000
137068  -39.458  -62.988  -8.297 0.0000000000
137069  -39.587  -62.401  -8.502 0.0000000000
137070  -39.753  -61.721  -8.741 0.0000000000
137072  -39.793  -60.801  -8.372 0.0000000000
137073  -39.901  -61.184  -9.026 0.0000000000
139310  -35.834  -88.289  -14.129 0.0000000000
139313  -35.817  -88.223  -12.163 0.0000000000
139314  -37.418  -87.219  -11.735 0.0000000000
139315  -36.748  -87.668  -12.250 0.0000000000
139316  -36.089  -88.111  -12.720 0.0000000000
139317  -36.322  -87.993  -13.192 0.0000000000
139318  -36.565  -87.811  -13.635 0.0000000000
139319  -36.761  -87.591  -14.063 0.0000000000
139320  -37.592  -86.921  -14.008 0.0000000000
139321  -38.342  -86.328  -13.945 0.0000000000
139322  -39.174  -85.727  -13.790 0.0000000000
139323  -39.828  -85.541  -12.851 0.0000000000
139324  -39.875  -85.275  -13.213 0.0000000000
139325  -39.883  -84.981  -13.568 0.0000000000
139326  -40.650  -84.100  -13.439 0.0000000000
139327  -41.435  -83.194  -13.194 0.0000000000
139328  -42.229  -82.179  -13.043 0.0000000000
161682  -39.184  -86.876  -7.486 0.0000000000
161704  -40.669  -83.576  -5.815 0.0000000000
161705  -40.234  -84.406  -5.948 0.0000000000
161706  -39.820  -85.287  -6.099 0.0000000000
161707  -39.612  -85.755  -6.643 0.0000000000
161708  -39.565  -86.170  -7.231 0.0000000000
161709  -39.406  -86.591  -7.801 0.0000000000
161710  -39.664  -86.267  -8.037 0.0000000000
161711  -39.923  -85.929  -8.330 0.0000000000
161712  -40.217  -85.586  -8.655 0.0000000000
161713  -40.923  -84.444  -8.059 0.0000000000
161714  -40.743  -84.874  -8.508 0.0000000000
161715  -40.536  -85.228  -9.013 0.0000000000
161716  -40.833  -84.825  -9.393 0.0000000000
161717  -41.091  -84.452  -9.708 0.0000000000
161718  -41.335  -84.079  -10.060 0.0000000000
161719  -42.020  -81.050  -7.637 0.0000000000
161720  -42.172  -81.467  -8.186 0.0000000000
161721  -42.269  -81.879  -8.739 0.0000000000
161722  -42.722  -80.454  -8.944 0.0000000000
161723  -42.501  -81.405  -9.127 0.0000000000
161724  -42.184  -82.340  -9.261 0.0000000000
161725  -42.055  -82.724  -9.660 0.0000000000
161726  -41.863  -83.181  -10.073 0.0000000000
161727  -41.587  -83.674  -10.513 0.0000000000
161728  -41.795  -83.285  -10.920 0.0000000000
161729  -42.018  -82.930  -11.321 0.0000000000
161730  -42.255  -82.616  -11.710 0.0000000000
161731  -43.088  -81.129  -11.084 0.0000000000
161732  -42.827  -81.725  -11.568 0.0000000000
161733  -42.412  -82.337  -12.024 0.0000000000
161734  -42.611  -82.027  -12.310 0.0000000000
161735  -42.807  -81.678  -12.563 0.0000000000
161736  -42.922  -81.242  -12.759 0.0000000000
161757  -42.515  -72.027  -4.108 0.0000000000
161758  -43.121  -70.844  -4.444 0.0000000000
161759  -42.894  -71.634  -4.375 0.0000000000
161760  -42.713  -72.434  -4.356 0.0000000000
161761  -42.858  -72.761  -4.631 0.0000000000
161762  -43.041  -73.063  -4.921 0.0000000000
161763  -43.228  -73.450  -5.197 0.0000000000
161764  -46.197  -65.365  -5.227 0.0000000000
161765  -45.921  -65.830  -5.226 0.0000000000
161766  -45.659  -66.288  -5.321 0.0000000000
161767  -45.163  -65.983  -5.621 0.0000000000
161768  -45.350  -66.357  -5.542 0.0000000000
161769  -45.487  -66.720  -5.401 0.0000000000
161770  -45.360  -67.221  -5.408 0.0000000000
161771  -45.196  -67.759  -5.372 0.0000000000
161772  -45.001  -68.297  -5.347 0.0000000000
161773  -43.189  -66.565  -5.567 0.0000000000
161774  -43.555  -66.943  -5.627 0.0000000000
161775  -43.966  -67.372  -5.737 0.0000000000
161776  -43.496  -68.467  -5.827 0.0000000000
161777  -43.844  -68.076  -5.797 0.0000000000
161778  -44.298  -67.780  -5.751 0.0000000000
161779  -44.588  -68.154  -5.708 0.0000000000
161780  -44.838  -68.522  -5.592 0.0000000000
161781  -44.847  -68.924  -5.295 0.0000000000
161782  -44.724  -69.603  -5.241 0.0000000000
161783  -44.506  -70.252  -5.240 0.0000000000
161784  -44.299  -70.936  -5.219 0.0000000000
161785  -44.720  -70.883  -5.727 0.0000000000
161786  -44.540  -71.260  -5.489 0.0000000000
161787  -44.129  -71.596  -5.241 0.0000000000
161788  -43.923  -72.300  -5.289 0.0000000000
161789  -43.716  -72.968  -5.376 0.0000000000
161790  -43.342  -73.827  -5.622 0.0000000000
161791  -43.506  -74.204  -6.003 0.0000000000
161792  -43.631  -74.533  -6.466 0.0000000000
161793  -43.680  -74.871  -6.946 0.0000000000
161794  -44.434  -73.682  -6.968 0.0000000000
161795  -44.077  -74.464  -7.226 0.0000000000
161796  -43.720  -75.139  -7.407 0.0000000000
161797  -43.841  -75.451  -8.008 0.0000000000
161798  -43.963  -75.841  -8.595 0.0000000000
161799  -43.985  -76.373  -9.166 0.0000000000
161800  -43.771  -72.622  -7.679 0.0000000000
161801  -44.036  -73.328  -8.087 0.0000000000
161802  -44.177  -74.000  -8.486 0.0000000000
161803  -43.784  -74.155  -8.883 0.0000000000
161804  -44.016  -74.376  -8.830 0.0000000000
161805  -44.184  -74.610  -8.716 0.0000000000
161806  -44.118  -75.296  -8.986 0.0000000000
161807  -44.062  -76.072  -9.305 0.0000000000
161808  -43.986  -76.858  -9.590 0.0000000000
161809  -43.948  -77.355  -10.026 0.0000000000
161810  -43.881  -78.000  -10.395 0.0000000000
161811  -43.873  -78.434  -10.919 0.0000000000
161812  -44.000  -77.281  -10.657 0.0000000000
161813  -43.914  -78.055  -11.045 0.0000000000
161814  -43.818  -79.008  -11.374 0.0000000000
161815  -43.650  -79.656  -11.931 0.0000000000
161816  -43.381  -80.230  -12.453 0.0000000000
161817  -42.851  -80.759  -12.976 0.0000000000
161818  -42.682  -80.324  -13.150 0.0000000000
161819  -42.429  -79.925  -13.279 0.0000000000
161820  -42.046  -79.638  -13.345 0.0000000000
161821  -42.545  -78.539  -12.414 0.0000000000
161822  -42.143  -78.941  -12.975 0.0000000000
161823  -41.683  -79.316  -13.349 0.0000000000
161824  -41.334  -78.977  -13.325 0.0000000000
161825  -41.017  -78.584  -13.325 0.0000000000
161826  -40.720  -78.161  -13.279 0.0000000000
161827  -41.870  -75.690  -10.679 0.0000000000
161828  -41.690  -76.188  -11.119 0.0000000000
161829  -41.453  -76.588  -11.577 0.0000000000
161830  -40.855  -75.471  -11.180 0.0000000000
161831  -41.024  -76.224  -11.618 0.0000000000
161832  -41.216  -76.970  -12.113 0.0000000000
161833  -41.009  -77.251  -12.534 0.0000000000
161834  -40.755  -77.489  -12.898 0.0000000000
161835  -40.440  -77.702  -13.215 0.0000000000
161836  -40.195  -77.185  -13.136 0.0000000000
161837  -39.934  -76.627  -13.096 0.0000000000
161838  -39.761  -76.085  -13.108 0.0000000000
161839  -39.912  -75.181  -12.349 0.0000000000
161840  -39.819  -75.378  -12.774 0.0000000000
161841  -39.684  -75.564  -13.178 0.0000000000
161842  -39.739  -75.055  -13.379 0.0000000000
161843  -39.864  -74.584  -13.607 0.0000000000
161844  -40.025  -74.157  -13.873 0.0000000000
161845  -39.708  -68.970  -7.997 0.0000000000
161846  -39.733  -69.511  -8.476 0.0000000000
161847  -39.688  -69.984  -8.913 0.0000000000
161848  -39.343  -68.429  -8.745 0.0000000000
161849  -39.484  -69.426  -9.005 0.0000000000
161850  -39.688  -70.448  -9.284 0.0000000000
161851  -39.688  -70.929  -9.700 0.0000000000
161852  -39.667  -71.249  -10.086 0.0000000000
161853  -39.704  -71.512  -10.457 0.0000000000
161854  -39.269  -66.047  -9.467 0.0000000000
161855  -39.354  -67.160  -9.769 0.0000000000
161856  -39.437  -68.231  -10.042 0.0000000000
161857  -39.749  -67.914  -10.711 0.0000000000
161858  -39.542  -68.548  -10.498 0.0000000000
161859  -39.474  -69.170  -10.271 0.0000000000
161860  -39.498  -70.070  -10.494 0.0000000000
161861  -39.649  -70.910  -10.676 0.0000000000
161862  -39.727  -71.750  -10.865 0.0000000000
161863  -39.851  -71.996  -11.264 0.0000000000
161864  -39.957  -72.227  -11.735 0.0000000000
161865  -40.098  -72.443  -12.190 0.0000000000
161866  -40.208  -70.915  -12.289 0.0000000000
161867  -40.265  -71.854  -12.452 0.0000000000
161868  -40.177  -72.740  -12.648 0.0000000000
161869  -40.250  -73.069  -13.114 0.0000000000
161870  -40.250  -73.448  -13.676 0.0000000000
