#!ascii label  , from subject fsaverage vox2ras=TkReg coords=white
914
40  -42.455  -64.640  -18.812 0.0000000000
349  -30.818  -78.472  -10.560 0.0000000000
351  -30.182  -68.024  -13.378 0.0000000000
446  -39.862  -74.518  -14.432 0.0000000000
829  -35.372  -72.149  -15.675 0.0000000000
830  -29.324  -73.748  -12.691 0.0000000000
831  -35.555  -66.119  -15.519 0.0000000000
982  -35.273  -80.496  -13.878 0.0000000000
1781  -27.064  -79.944  -7.678 0.0000000000
1782  -28.617  -74.435  -7.040 0.0000000000
1998  -29.694  -82.637  -13.144 0.0000000000
1999  -35.571  -75.821  -13.387 0.0000000000
2000  -41.341  -70.477  -16.954 0.0000000000
2489  -40.915  -67.475  -12.658 0.0000000000
2490  -42.466  -62.855  -15.583 0.0000000000
2749  -39.087  -68.868  -17.140 0.0000000000
2750  -35.578  -69.158  -15.714 0.0000000000
2751  -39.095  -65.255  -17.426 0.0000000000
2752  -38.480  -62.479  -17.406 0.0000000000
2753  -41.705  -61.426  -19.417 0.0000000000
3924  -27.571  -81.730  -10.662 0.0000000000
3925  -25.405  -81.565  -9.422 0.0000000000
3926  -28.987  -79.333  -9.282 0.0000000000
3927  -29.404  -70.947  -13.316 0.0000000000
3928  -28.985  -74.294  -9.855 0.0000000000
3929  -30.032  -71.330  -10.125 0.0000000000
4383  -29.043  -84.015  -14.697 0.0000000000
4384  -37.861  -77.406  -14.099 0.0000000000
4385  -35.478  -78.032  -12.905 0.0000000000
4386  -37.743  -75.481  -15.009 0.0000000000
4387  -38.138  -73.818  -16.197 0.0000000000
4388  -40.462  -72.900  -15.922 0.0000000000
5576  -39.878  -62.149  -9.395 0.0000000000
5578  -40.770  -63.718  -11.845 0.0000000000
5579  -41.454  -65.449  -14.224 0.0000000000
5580  -41.013  -61.684  -13.077 0.0000000000
6099  -32.867  -75.031  -13.320 0.0000000000
6100  -29.992  -76.114  -11.615 0.0000000000
6101  -32.156  -72.639  -14.669 0.0000000000
6102  -32.032  -69.975  -15.095 0.0000000000
6103  -32.170  -66.967  -15.167 0.0000000000
6105  -35.289  -63.589  -15.249 0.0000000000
6374  -32.451  -83.140  -15.013 0.0000000000
7993  -24.428  -79.673  -6.236 0.0000000000
7994  -28.873  -77.059  -9.149 0.0000000000
7995  -27.595  -77.479  -6.913 0.0000000000
7996  -25.824  -76.896  -5.243 0.0000000000
8575  -26.295  -82.966  -12.899 0.0000000000
8576  -30.342  -80.960  -11.242 0.0000000000
8577  -32.459  -81.717  -13.263 0.0000000000
8578  -32.974  -79.453  -11.590 0.0000000000
8579  -33.274  -76.825  -11.852 0.0000000000
8580  -35.496  -74.275  -14.759 0.0000000000
8581  -38.671  -71.486  -16.768 0.0000000000
8582  -42.124  -67.617  -17.946 0.0000000000
10023  -40.784  -71.199  -13.669 0.0000000000
10024  -41.484  -69.133  -15.013 0.0000000000
10025  -42.701  -66.786  -16.434 0.0000000000
10026  -43.824  -63.841  -17.706 0.0000000000
10053  -43.640  -60.426  -19.419 0.0000000000
10429  -40.974  -66.687  -18.172 0.0000000000
10430  -39.189  -67.013  -17.246 0.0000000000
10431  -40.890  -64.909  -18.423 0.0000000000
10432  -40.585  -63.436  -18.535 0.0000000000
10433  -42.134  -62.993  -19.116 0.0000000000
11604  -29.446  -80.459  -10.224 0.0000000000
11605  -28.333  -80.548  -9.826 0.0000000000
11606  -29.896  -78.965  -9.889 0.0000000000
11607  -29.788  -69.482  -13.282 0.0000000000
11608  -29.620  -71.189  -11.652 0.0000000000
11609  -30.153  -69.704  -11.744 0.0000000000
12064  -38.893  -76.098  -14.486 0.0000000000
12065  -37.770  -76.396  -14.489 0.0000000000
12066  -38.979  -75.213  -15.144 0.0000000000
12067  -39.101  -74.363  -15.792 0.0000000000
12068  -40.097  -73.788  -15.191 0.0000000000
13256  -40.185  -61.070  -9.935 0.0000000000
13257  -40.262  -62.915  -10.566 0.0000000000
13258  -40.493  -61.856  -11.280 0.0000000000
13259  -40.853  -62.715  -12.521 0.0000000000
14004  -33.856  -73.667  -14.700 0.0000000000
14005  -32.343  -73.960  -14.190 0.0000000000
14006  -33.737  -72.302  -15.141 0.0000000000
14007  -35.591  -67.612  -15.544 0.0000000000
14008  -33.756  -69.459  -15.179 0.0000000000
14009  -33.810  -68.030  -15.208 0.0000000000
14010  -32.189  -68.480  -15.046 0.0000000000
14011  -33.898  -66.576  -15.189 0.0000000000
14012  -33.708  -65.394  -15.218 0.0000000000
14013  -35.475  -64.841  -15.424 0.0000000000
14014  -39.409  -60.542  -18.699 0.0000000000
14015  -38.063  -61.025  -17.398 0.0000000000
17532  -26.323  -80.911  -8.417 0.0000000000
17533  -24.427  -81.634  -8.571 0.0000000000
17534  -25.176  -80.956  -7.608 0.0000000000
17535  -23.849  -80.741  -6.810 0.0000000000
17536  -25.738  -79.923  -6.859 0.0000000000
17537  -29.342  -75.114  -12.243 0.0000000000
17538  -29.255  -76.540  -10.285 0.0000000000
17539  -28.994  -75.507  -10.832 0.0000000000
17540  -28.853  -74.390  -8.454 0.0000000000
17541  -28.477  -75.940  -8.222 0.0000000000
17542  -27.978  -75.904  -7.007 0.0000000000
17543  -26.723  -77.295  -6.009 0.0000000000
17544  -27.398  -75.760  -5.839 0.0000000000
18904  -27.571  -83.388  -13.845 0.0000000000
18906  -28.064  -82.859  -13.035 0.0000000000
18907  -28.522  -82.272  -11.997 0.0000000000
18908  -30.006  -81.877  -12.191 0.0000000000
18910  -32.429  -82.422  -14.168 0.0000000000
18911  -33.862  -81.030  -13.530 0.0000000000
18912  -35.507  -76.825  -13.034 0.0000000000
18913  -34.267  -78.630  -12.171 0.0000000000
18914  -34.384  -77.352  -12.172 0.0000000000
18915  -33.131  -78.098  -11.421 0.0000000000
18916  -34.463  -76.226  -12.584 0.0000000000
18917  -34.386  -75.322  -13.284 0.0000000000
18918  -35.562  -75.008  -13.968 0.0000000000
18919  -39.766  -72.327  -16.791 0.0000000000
18920  -38.408  -72.734  -16.536 0.0000000000
18921  -40.280  -71.055  -17.173 0.0000000000
18922  -40.653  -69.671  -17.470 0.0000000000
18923  -41.809  -69.140  -17.434 0.0000000000
22489  -40.523  -67.036  -11.616 0.0000000000
22493  -40.801  -69.147  -13.239 0.0000000000
22494  -41.096  -70.115  -14.408 0.0000000000
22495  -41.138  -68.196  -13.866 0.0000000000
22496  -41.947  -64.237  -14.974 0.0000000000
22497  -42.005  -66.119  -15.347 0.0000000000
22498  -42.762  -64.713  -16.065 0.0000000000
22499  -43.348  -65.365  -17.087 0.0000000000
22500  -43.432  -63.311  -16.746 0.0000000000
22567  -43.594  -60.252  -18.520 0.0000000000
22569  -43.203  -59.039  -19.952 0.0000000000
23379  -37.086  -70.629  -16.489 0.0000000000
23380  -35.365  -70.812  -15.835 0.0000000000
23381  -37.307  -69.026  -16.434 0.0000000000
23382  -37.439  -67.324  -16.350 0.0000000000
23383  -37.351  -65.669  -16.302 0.0000000000
23384  -37.180  -64.279  -16.280 0.0000000000
23385  -38.794  -63.838  -17.466 0.0000000000
23386  -40.036  -61.875  -18.647 0.0000000000
23387  -41.010  -60.022  -19.600 0.0000000000
25494  -25.601  -82.475  -11.436 0.0000000000
25496  -26.437  -81.697  -10.156 0.0000000000
25497  -27.370  -80.804  -9.173 0.0000000000
25498  -28.125  -79.778  -8.501 0.0000000000
25499  -29.329  -72.305  -13.158 0.0000000000
25500  -29.008  -74.087  -11.310 0.0000000000
25501  -29.274  -72.587  -11.568 0.0000000000
25502  -29.379  -72.796  -9.978 0.0000000000
25503  -29.484  -72.844  -8.536 0.0000000000
26321  -29.332  -83.370  -13.899 0.0000000000
26322  -36.608  -78.889  -13.681 0.0000000000
26323  -35.365  -79.355  -13.177 0.0000000000
26324  -36.648  -77.644  -13.685 0.0000000000
26325  -36.615  -76.469  -13.903 0.0000000000
26326  -36.583  -75.567  -14.271 0.0000000000
26327  -36.764  -74.826  -14.915 0.0000000000
26328  -37.781  -74.659  -15.587 0.0000000000
26329  -39.342  -73.480  -16.429 0.0000000000
26330  -40.863  -71.731  -16.459 0.0000000000
28471  -40.499  -64.954  -11.210 0.0000000000
28472  -41.048  -65.849  -12.346 0.0000000000
28473  -41.227  -66.509  -13.398 0.0000000000
28474  -41.084  -64.704  -13.082 0.0000000000
28475  -41.247  -63.618  -13.739 0.0000000000
28476  -41.607  -62.327  -14.367 0.0000000000
29589  -31.883  -76.529  -11.735 0.0000000000
29590  -30.653  -77.212  -10.891 0.0000000000
29591  -31.427  -75.434  -12.650 0.0000000000
29592  -30.780  -74.395  -13.461 0.0000000000
29593  -30.473  -73.205  -13.949 0.0000000000
29594  -33.794  -70.945  -15.246 0.0000000000
29595  -32.071  -71.277  -14.918 0.0000000000
29596  -30.440  -71.734  -14.402 0.0000000000
29597  -30.474  -70.379  -14.598 0.0000000000
29598  -30.511  -68.950  -14.567 0.0000000000
29599  -30.569  -67.491  -14.541 0.0000000000
29604  -37.059  -63.006  -16.130 0.0000000000
29605  -36.729  -61.601  -15.970 0.0000000000
30230  -30.704  -84.641  -15.854 0.0000000000
34308  -22.564  -80.613  -6.271 0.0000000000
34309  -23.261  -79.277  -5.846 0.0000000000
34310  -29.741  -77.649  -9.994 0.0000000000
34311  -29.099  -78.161  -9.035 0.0000000000
34312  -28.458  -78.625  -8.009 0.0000000000
34313  -28.686  -75.831  -9.526 0.0000000000
34314  -28.500  -77.424  -7.940 0.0000000000
34315  -27.429  -78.842  -7.147 0.0000000000
34316  -26.213  -78.665  -6.312 0.0000000000
34317  -25.070  -78.432  -5.710 0.0000000000
34318  -24.116  -77.887  -5.247 0.0000000000
35988  -26.916  -82.449  -11.853 0.0000000000
35989  -28.947  -81.476  -10.936 0.0000000000
35990  -30.610  -79.788  -10.712 0.0000000000
35991  -30.800  -83.790  -14.923 0.0000000000
35992  -30.913  -83.030  -14.072 0.0000000000
35993  -31.092  -82.208  -13.205 0.0000000000
35994  -34.078  -79.942  -12.675 0.0000000000
35995  -32.652  -80.666  -12.383 0.0000000000
35996  -31.343  -81.310  -12.240 0.0000000000
35997  -31.739  -80.145  -11.306 0.0000000000
35998  -31.923  -78.898  -10.921 0.0000000000
35999  -32.005  -77.625  -11.122 0.0000000000
36000  -33.132  -75.888  -12.514 0.0000000000
36001  -34.058  -74.548  -14.048 0.0000000000
36002  -35.346  -73.334  -15.367 0.0000000000
36003  -36.786  -74.078  -15.564 0.0000000000
36004  -36.884  -73.075  -15.999 0.0000000000
36005  -36.942  -72.002  -16.302 0.0000000000
36006  -38.938  -70.201  -17.018 0.0000000000
36007  -40.857  -68.205  -17.799 0.0000000000
36008  -42.389  -66.082  -18.421 0.0000000000
40305  -40.461  -73.037  -14.041 0.0000000000
40306  -40.943  -72.080  -14.886 0.0000000000
40307  -41.314  -71.063  -15.673 0.0000000000
40308  -41.677  -69.952  -16.143 0.0000000000
40309  -41.540  -67.317  -14.510 0.0000000000
40310  -41.978  -68.028  -15.687 0.0000000000
40311  -42.323  -68.734  -16.750 0.0000000000
40312  -42.843  -67.264  -17.331 0.0000000000
40313  -43.246  -65.866  -17.987 0.0000000000
40314  -43.509  -64.392  -18.581 0.0000000000
40392  -42.892  -61.292  -16.424 0.0000000000
40393  -43.714  -61.756  -17.607 0.0000000000
40394  -43.957  -62.125  -18.602 0.0000000000
40395  -43.368  -62.375  -19.226 0.0000000000
40396  -42.986  -60.870  -19.699 0.0000000000
40397  -42.329  -59.477  -20.012 0.0000000000
41149  -41.708  -65.622  -18.524 0.0000000000
41150  -41.019  -65.807  -18.337 0.0000000000
41151  -41.667  -64.734  -18.684 0.0000000000
41152  -41.576  -63.928  -18.795 0.0000000000
41153  -42.309  -63.820  -18.964 0.0000000000
42324  -30.225  -79.499  -10.341 0.0000000000
42325  -29.684  -79.659  -10.037 0.0000000000
42326  -30.309  -78.766  -10.285 0.0000000000
42327  -30.042  -68.760  -13.319 0.0000000000
42328  -29.927  -69.635  -12.532 0.0000000000
42329  -30.109  -68.899  -12.591 0.0000000000
42784  -39.396  -75.351  -14.509 0.0000000000
42785  -38.935  -75.662  -14.804 0.0000000000
42786  -39.509  -74.941  -14.868 0.0000000000
42787  -39.589  -74.531  -15.230 0.0000000000
42788  -39.999  -74.156  -14.796 0.0000000000
43976  -40.244  -60.548  -10.265 0.0000000000
43977  -40.310  -61.502  -10.609 0.0000000000
43978  -40.378  -60.990  -10.932 0.0000000000
43979  -40.544  -61.375  -11.557 0.0000000000
44724  -34.531  -72.929  -15.208 0.0000000000
44725  -33.802  -72.980  -14.981 0.0000000000
44726  -34.529  -72.226  -15.386 0.0000000000
44727  -35.593  -66.811  -15.544 0.0000000000
44728  -34.638  -67.829  -15.299 0.0000000000
44729  -34.670  -67.069  -15.305 0.0000000000
44730  -33.890  -67.305  -15.205 0.0000000000
44731  -34.701  -66.335  -15.294 0.0000000000
44732  -34.722  -65.790  -15.244 0.0000000000
44733  -35.528  -65.487  -15.484 0.0000000000
44734  -39.828  -59.679  -19.260 0.0000000000
44735  -39.123  -59.888  -18.738 0.0000000000
48252  -26.755  -80.493  -8.055 0.0000000000
48253  -25.821  -80.939  -8.045 0.0000000000
48254  -26.175  -80.494  -7.607 0.0000000000
48255  -25.486  -80.486  -7.220 0.0000000000
48256  -26.468  -79.969  -7.237 0.0000000000
48257  -29.277  -74.486  -12.478 0.0000000000
48258  -29.076  -75.327  -11.485 0.0000000000
48259  -29.146  -74.644  -11.729 0.0000000000
48260  -28.760  -74.410  -7.730 0.0000000000
48261  -28.470  -75.167  -7.704 0.0000000000
48262  -28.308  -75.171  -7.021 0.0000000000
48263  -27.707  -75.892  -6.378 0.0000000000
48264  -28.041  -75.093  -6.405 0.0000000000
49624  -28.649  -83.085  -13.587 0.0000000000
49625  -27.813  -83.062  -13.464 0.0000000000
49626  -28.927  -82.734  -13.055 0.0000000000
49627  -29.111  -82.427  -12.579 0.0000000000
49628  -29.846  -82.257  -12.643 0.0000000000
49630  -33.816  -81.469  -13.966 0.0000000000
49631  -34.537  -80.721  -13.704 0.0000000000
49632  -35.510  -76.314  -13.165 0.0000000000
49633  -34.974  -77.047  -12.535 0.0000000000
49634  -35.015  -76.491  -12.734 0.0000000000
49635  -34.437  -76.766  -12.333 0.0000000000
49636  -35.024  -75.997  -12.975 0.0000000000
49637  -35.042  -75.533  -13.263 0.0000000000
49638  -35.579  -75.394  -13.653 0.0000000000
49639  -40.614  -71.432  -16.920 0.0000000000
49640  -40.049  -71.664  -16.982 0.0000000000
49641  -40.888  -70.734  -17.140 0.0000000000
49642  -41.113  -70.057  -17.335 0.0000000000
49643  -41.600  -69.794  -17.199 0.0000000000
53209  -40.715  -67.242  -12.085 0.0000000000
53210  -40.405  -67.792  -11.800 0.0000000000
53211  -40.611  -67.990  -12.348 0.0000000000
53212  -40.584  -68.830  -12.615 0.0000000000
53213  -40.809  -68.296  -12.909 0.0000000000
53214  -40.942  -68.619  -13.571 0.0000000000
53215  -41.022  -67.824  -13.233 0.0000000000
53216  -42.217  -63.546  -15.283 0.0000000000
53217  -42.335  -64.466  -15.497 0.0000000000
53218  -42.706  -63.805  -15.841 0.0000000000
53219  -43.131  -64.007  -16.407 0.0000000000
53220  -42.962  -63.138  -16.175 0.0000000000
54324  -38.084  -69.791  -16.801 0.0000000000
54325  -37.196  -69.825  -16.467 0.0000000000
54326  -38.170  -68.916  -16.815 0.0000000000
54327  -39.175  -66.106  -17.336 0.0000000000
54328  -38.341  -67.166  -16.790 0.0000000000
54329  -38.301  -66.330  -16.788 0.0000000000
54330  -37.425  -66.494  -16.325 0.0000000000
54331  -38.205  -65.528  -16.831 0.0000000000
54332  -38.104  -64.830  -16.843 0.0000000000
54333  -38.978  -64.542  -17.477 0.0000000000
54334  -41.216  -62.380  -19.010 0.0000000000
54335  -40.354  -62.607  -18.597 0.0000000000
54336  -40.942  -61.620  -19.116 0.0000000000
54337  -40.520  -60.919  -19.188 0.0000000000
54338  -41.383  -60.708  -19.520 0.0000000000
57849  -26.609  -82.130  -11.068 0.0000000000
57850  -26.008  -82.094  -10.725 0.0000000000
57851  -27.007  -81.726  -10.380 0.0000000000
57852  -28.710  -79.918  -9.527 0.0000000000
57853  -27.935  -80.685  -9.506 0.0000000000
57854  -28.277  -80.138  -9.189 0.0000000000
57855  -27.778  -80.283  -8.801 0.0000000000
57856  -28.543  -79.579  -8.914 0.0000000000
57857  -29.373  -71.601  -13.295 0.0000000000
57858  -29.235  -72.477  -12.372 0.0000000000
57859  -29.307  -71.761  -12.444 0.0000000000
57860  -29.811  -71.244  -10.797 0.0000000000
57861  -29.536  -71.977  -10.781 0.0000000000
57862  -29.720  -72.047  -10.114 0.0000000000
57863  -29.475  -72.844  -9.284 0.0000000000
57864  -29.805  -72.075  -9.327 0.0000000000
59227  -28.277  -83.709  -14.230 0.0000000000
59228  -29.170  -83.692  -14.289 0.0000000000
59229  -37.237  -78.085  -13.856 0.0000000000
59230  -36.628  -78.280  -13.647 0.0000000000
59231  -37.239  -77.531  -13.943 0.0000000000
59232  -37.763  -75.932  -14.729 0.0000000000
59233  -37.177  -76.442  -14.200 0.0000000000
59234  -37.151  -75.948  -14.410 0.0000000000
59235  -36.585  -75.997  -14.059 0.0000000000
59236  -37.135  -75.447  -14.687 0.0000000000
59237  -37.204  -75.061  -14.968 0.0000000000
59238  -37.747  -75.057  -15.293 0.0000000000
59239  -39.765  -73.724  -15.931 0.0000000000
59240  -39.202  -73.943  -16.122 0.0000000000
59241  -39.934  -73.254  -16.214 0.0000000000
59242  -40.128  -72.705  -16.447 0.0000000000
59243  -40.660  -72.373  -16.230 0.0000000000
62808  -39.853  -63.167  -9.718 0.0000000000
62809  -40.538  -63.307  -11.205 0.0000000000
62810  -40.381  -63.952  -10.898 0.0000000000
62811  -40.691  -64.296  -11.506 0.0000000000
62812  -40.816  -65.419  -11.762 0.0000000000
62813  -40.923  -64.803  -12.114 0.0000000000
62814  -41.070  -65.261  -12.719 0.0000000000
62815  -40.874  -64.195  -12.484 0.0000000000
62816  -40.926  -62.192  -12.786 0.0000000000
62817  -41.000  -63.185  -13.101 0.0000000000
62818  -41.113  -62.594  -13.402 0.0000000000
62819  -41.419  -62.985  -14.067 0.0000000000
62820  -41.273  -62.022  -13.709 0.0000000000
65049  -32.418  -75.728  -12.529 0.0000000000
65050  -31.713  -75.909  -12.167 0.0000000000
65051  -32.191  -75.219  -12.987 0.0000000000
65052  -32.233  -73.293  -14.502 0.0000000000
65053  -31.607  -74.146  -13.884 0.0000000000
65054  -31.382  -73.510  -14.196 0.0000000000
65055  -30.583  -73.838  -13.728 0.0000000000
65056  -31.295  -72.841  -14.367 0.0000000000
65057  -35.477  -70.007  -15.786 0.0000000000
65058  -34.573  -70.851  -15.513 0.0000000000
65059  -34.628  -70.094  -15.458 0.0000000000
65060  -32.906  -69.734  -15.125 0.0000000000
65061  -32.907  -70.419  -15.103 0.0000000000
65062  -32.038  -70.690  -15.011 0.0000000000
65063  -31.267  -71.552  -14.708 0.0000000000
65064  -31.269  -70.817  -14.869 0.0000000000
65065  -30.472  -71.041  -14.566 0.0000000000
65066  -31.281  -70.138  -14.924 0.0000000000
65067  -32.201  -67.725  -15.104 0.0000000000
65068  -31.312  -68.690  -14.891 0.0000000000
65069  -31.335  -67.971  -14.907 0.0000000000
65070  -30.610  -68.260  -14.530 0.0000000000
65071  -31.326  -67.215  -14.916 0.0000000000
65073  -32.074  -66.442  -15.155 0.0000000000
65074  -34.493  -64.496  -15.194 0.0000000000
65075  -33.629  -64.713  -15.204 0.0000000000
65076  -34.385  -63.828  -15.142 0.0000000000
65079  -37.888  -63.387  -16.820 0.0000000000
65080  -37.116  -63.649  -16.211 0.0000000000
65081  -37.756  -62.714  -16.757 0.0000000000
65083  -37.468  -61.282  -16.709 0.0000000000
75632  -25.026  -81.939  -9.991 0.0000000000
75642  -24.171  -80.213  -6.465 0.0000000000
75643  -23.208  -80.726  -6.485 0.0000000000
75644  -23.446  -80.150  -6.191 0.0000000000
75645  -22.902  -79.963  -6.024 0.0000000000
75646  -23.806  -79.568  -5.932 0.0000000000
75647  -30.353  -76.637  -11.259 0.0000000000
75648  -30.208  -77.403  -10.448 0.0000000000
75649  -29.915  -76.891  -10.684 0.0000000000
75650  -29.017  -76.797  -9.737 0.0000000000
75651  -29.196  -77.355  -9.593 0.0000000000
75652  -28.995  -77.605  -9.051 0.0000000000
75653  -28.820  -78.381  -8.603 0.0000000000
75654  -28.766  -77.859  -8.486 0.0000000000
75655  -28.983  -74.225  -10.584 0.0000000000
75656  -28.861  -74.965  -10.419 0.0000000000
75657  -28.770  -75.074  -9.763 0.0000000000
75658  -28.080  -76.826  -7.481 0.0000000000
75659  -28.444  -76.699  -8.057 0.0000000000
75660  -28.035  -77.556  -7.423 0.0000000000
75661  -28.000  -78.175  -7.444 0.0000000000
75662  -27.493  -78.239  -6.997 0.0000000000
75663  -26.784  -78.824  -6.745 0.0000000000
75664  -26.928  -78.161  -6.567 0.0000000000
75665  -26.297  -77.129  -5.593 0.0000000000
75666  -25.925  -77.870  -5.789 0.0000000000
75667  -25.416  -77.681  -5.425 0.0000000000
75668  -24.578  -78.193  -5.409 0.0000000000
75669  -24.973  -77.434  -5.169 0.0000000000
79752  -26.025  -83.187  -13.353 0.0000000000
79757  -25.780  -82.725  -12.302 0.0000000000
79758  -26.574  -82.701  -12.423 0.0000000000
79759  -29.462  -81.707  -11.599 0.0000000000
79760  -28.761  -81.922  -11.430 0.0000000000
79761  -29.670  -81.219  -11.105 0.0000000000
79762  -29.879  -80.706  -10.692 0.0000000000
79763  -30.491  -80.430  -10.863 0.0000000000
79764  -31.591  -83.931  -15.403 0.0000000000
79765  -30.754  -84.216  -15.388 0.0000000000
79766  -31.605  -83.503  -14.984 0.0000000000
79767  -32.447  -82.046  -13.722 0.0000000000
79768  -31.666  -82.717  -14.149 0.0000000000
79769  -31.704  -82.348  -13.702 0.0000000000
79770  -30.993  -82.632  -13.647 0.0000000000
79771  -31.762  -81.961  -13.236 0.0000000000
79772  -35.444  -78.708  -12.931 0.0000000000
79773  -34.709  -79.618  -12.896 0.0000000000
79774  -34.803  -78.980  -12.630 0.0000000000
79775  -33.588  -79.042  -11.875 0.0000000000
79776  -33.475  -79.696  -12.147 0.0000000000
79777  -32.824  -80.096  -11.912 0.0000000000
79778  -32.010  -80.997  -12.262 0.0000000000
79779  -32.185  -80.420  -11.770 0.0000000000
79780  -31.516  -80.733  -11.778 0.0000000000
79781  -32.358  -79.759  -11.387 0.0000000000
79782  -33.250  -77.383  -11.609 0.0000000000
79783  -32.580  -78.479  -11.124 0.0000000000
79784  -32.646  -77.811  -11.226 0.0000000000
79785  -31.990  -78.269  -10.939 0.0000000000
79786  -32.652  -77.223  -11.458 0.0000000000
79787  -32.611  -76.694  -11.757 0.0000000000
79788  -33.221  -76.354  -12.148 0.0000000000
79789  -34.873  -74.753  -14.003 0.0000000000
79790  -34.256  -74.907  -13.656 0.0000000000
79791  -34.783  -74.362  -14.394 0.0000000000
79792  -34.686  -73.936  -14.732 0.0000000000
79793  -35.429  -73.856  -15.113 0.0000000000
79794  -37.387  -74.359  -15.668 0.0000000000
79795  -36.781  -74.473  -15.239 0.0000000000
79796  -37.507  -73.963  -15.951 0.0000000000
79797  -38.542  -72.114  -16.639 0.0000000000
79798  -37.666  -72.927  -16.293 0.0000000000
79799  -37.761  -72.298  -16.438 0.0000000000
79800  -36.912  -72.554  -16.150 0.0000000000
79801  -37.818  -71.743  -16.564 0.0000000000
79802  -37.887  -71.148  -16.681 0.0000000000
79803  -38.785  -70.875  -16.919 0.0000000000
79804  -41.403  -68.674  -17.749 0.0000000000
79805  -40.793  -68.974  -17.604 0.0000000000
79806  -41.540  -67.915  -17.979 0.0000000000
79807  -41.651  -67.162  -18.198 0.0000000000
79808  -42.260  -66.823  -18.212 0.0000000000
90518  -40.730  -72.100  -13.851 0.0000000000
90519  -40.710  -72.583  -14.435 0.0000000000
90520  -40.936  -71.585  -14.232 0.0000000000
90521  -41.262  -69.630  -14.686 0.0000000000
90522  -41.268  -70.619  -15.037 0.0000000000
90523  -41.464  -70.085  -15.381 0.0000000000
90524  -41.478  -70.523  -15.903 0.0000000000
90525  -41.615  -69.591  -15.655 0.0000000000
90526  -41.324  -65.970  -13.833 0.0000000000
90527  -41.371  -66.903  -13.978 0.0000000000
90528  -41.516  -66.357  -14.403 0.0000000000
90529  -42.317  -66.456  -15.885 0.0000000000
90530  -42.018  -67.084  -15.495 0.0000000000
90531  -42.340  -67.435  -16.075 0.0000000000
90532  -42.228  -68.356  -16.264 0.0000000000
90533  -42.557  -67.803  -16.562 0.0000000000
90534  -42.610  -68.009  -17.046 0.0000000000
90535  -42.888  -67.114  -16.893 0.0000000000
90536  -43.617  -64.600  -17.405 0.0000000000
90537  -43.436  -65.646  -17.592 0.0000000000
90538  -43.573  -64.943  -17.897 0.0000000000
90539  -43.404  -65.144  -18.302 0.0000000000
90540  -43.682  -64.118  -18.184 0.0000000000
90735  -42.499  -60.402  -16.308 0.0000000000
90736  -42.949  -60.640  -16.874 0.0000000000
90737  -43.354  -61.498  -17.028 0.0000000000
90738  -43.369  -60.831  -17.499 0.0000000000
90739  -43.702  -60.396  -19.008 0.0000000000
90740  -43.857  -61.176  -18.586 0.0000000000
90741  -43.847  -61.282  -19.044 0.0000000000
90742  -43.709  -62.221  -18.983 0.0000000000
90743  -43.604  -61.396  -19.353 0.0000000000
90744  -43.203  -61.604  -19.490 0.0000000000
90745  -43.401  -60.713  -19.590 0.0000000000
90747  -42.771  -59.226  -19.999 0.0000000000
92499  -40.046  -67.719  -17.623 0.0000000000
92500  -39.139  -67.940  -17.182 0.0000000000
92501  -40.077  -66.823  -17.761 0.0000000000
92502  -40.047  -65.927  -17.868 0.0000000000
92503  -39.963  -65.045  -17.981 0.0000000000
92504  -39.834  -64.354  -18.059 0.0000000000
92505  -40.746  -64.163  -18.481 0.0000000000
92506  -41.418  -63.163  -18.896 0.0000000000
92507  -41.943  -62.164  -19.284 0.0000000000
94614  -28.535  -81.157  -10.414 0.0000000000
94615  -27.944  -81.186  -10.166 0.0000000000
94616  -28.908  -80.500  -10.030 0.0000000000
94617  -29.272  -79.831  -9.777 0.0000000000
94618  -29.401  -79.132  -9.610 0.0000000000
94619  -29.581  -70.165  -13.300 0.0000000000
94620  -29.462  -71.026  -12.477 0.0000000000
94621  -29.653  -70.310  -12.477 0.0000000000
94622  -29.862  -70.444  -11.688 0.0000000000
94623  -30.079  -70.487  -10.905 0.0000000000
95441  -28.963  -84.371  -15.154 0.0000000000
95442  -38.381  -76.751  -14.348 0.0000000000
95443  -37.810  -76.901  -14.279 0.0000000000
95444  -38.359  -76.275  -14.599 0.0000000000
95445  -38.377  -75.833  -14.880 0.0000000000
95446  -38.373  -75.402  -15.178 0.0000000000
95447  -38.375  -74.991  -15.482 0.0000000000
95448  -39.015  -74.780  -15.453 0.0000000000
95449  -39.671  -74.124  -15.587 0.0000000000
95450  -40.275  -73.364  -15.576 0.0000000000
97588  -40.058  -61.599  -9.644 0.0000000000
97589  -40.062  -62.596  -9.991 0.0000000000
97590  -40.202  -62.044  -10.299 0.0000000000
97591  -40.409  -62.349  -10.906 0.0000000000
97592  -40.641  -62.783  -11.536 0.0000000000
97593  -40.800  -63.201  -12.196 0.0000000000
97594  -40.707  -62.269  -11.868 0.0000000000
97595  -40.751  -61.739  -12.161 0.0000000000
98934  -33.280  -74.350  -14.086 0.0000000000
98935  -32.614  -74.526  -13.760 0.0000000000
98936  -33.135  -73.762  -14.447 0.0000000000
98937  -33.037  -73.132  -14.717 0.0000000000
98938  -32.964  -72.481  -14.888 0.0000000000
98939  -35.613  -68.368  -15.621 0.0000000000
98940  -34.700  -69.249  -15.413 0.0000000000
98941  -34.630  -68.536  -15.331 0.0000000000
98942  -33.815  -68.718  -15.162 0.0000000000
98943  -32.943  -69.027  -15.122 0.0000000000
98944  -32.123  -69.231  -15.051 0.0000000000
98945  -33.030  -68.254  -15.104 0.0000000000
98946  -33.062  -67.498  -15.113 0.0000000000
98947  -33.061  -66.822  -15.187 0.0000000000
98948  -33.005  -66.190  -15.241 0.0000000000
98949  -33.851  -65.965  -15.193 0.0000000000
98950  -34.608  -65.160  -15.232 0.0000000000
98951  -35.407  -64.198  -15.337 0.0000000000
98952  -38.943  -61.499  -18.070 0.0000000000
98953  -38.258  -61.742  -17.396 0.0000000000
98954  -38.696  -60.826  -18.085 0.0000000000
98955  -38.442  -60.123  -18.099 0.0000000000
105284  -25.872  -81.227  -8.857 0.0000000000
105285  -24.870  -81.574  -9.024 0.0000000000
105286  -25.314  -81.317  -8.494 0.0000000000
105287  -24.863  -81.288  -8.054 0.0000000000
105288  -24.178  -81.302  -7.664 0.0000000000
105289  -23.538  -81.249  -7.245 0.0000000000
105290  -24.540  -80.875  -7.180 0.0000000000
105291  -24.783  -80.354  -6.813 0.0000000000
105292  -25.084  -79.775  -6.509 0.0000000000
105293  -29.609  -75.615  -11.951 0.0000000000
105294  -29.579  -76.397  -10.908 0.0000000000
105295  -29.236  -75.878  -11.215 0.0000000000
105296  -29.057  -76.079  -10.571 0.0000000000
105297  -28.898  -76.251  -9.961 0.0000000000
105298  -28.952  -74.348  -9.196 0.0000000000
105299  -28.769  -75.088  -9.075 0.0000000000
105300  -28.628  -75.146  -8.364 0.0000000000
105301  -28.230  -76.000  -7.588 0.0000000000
105302  -27.727  -76.713  -6.913 0.0000000000
105303  -27.097  -77.487  -6.457 0.0000000000
105304  -27.376  -76.667  -6.405 0.0000000000
105305  -27.063  -76.545  -5.882 0.0000000000
105306  -26.672  -76.333  -5.475 0.0000000000
107757  -26.950  -83.165  -13.495 0.0000000000
107758  -27.173  -82.968  -12.983 0.0000000000
107759  -27.450  -82.680  -12.434 0.0000000000
107760  -28.295  -82.595  -12.538 0.0000000000
107761  -29.269  -82.119  -12.106 0.0000000000
107762  -30.167  -81.446  -11.692 0.0000000000
107763  -33.167  -82.476  -14.644 0.0000000000
107764  -32.423  -82.790  -14.594 0.0000000000
107765  -33.109  -82.131  -14.245 0.0000000000
107766  -33.146  -81.776  -13.816 0.0000000000
107767  -33.181  -81.362  -13.369 0.0000000000
107768  -35.495  -77.397  -12.946 0.0000000000
107769  -34.889  -78.358  -12.494 0.0000000000
107770  -34.931  -77.658  -12.434 0.0000000000
107771  -34.311  -77.984  -12.101 0.0000000000
107772  -33.711  -78.360  -11.734 0.0000000000
107773  -33.074  -78.780  -11.427 0.0000000000
107774  -33.764  -77.701  -11.792 0.0000000000
107775  -33.818  -77.077  -11.974 0.0000000000
107776  -33.866  -76.486  -12.231 0.0000000000
107777  -33.854  -76.008  -12.534 0.0000000000
107778  -34.465  -75.753  -12.934 0.0000000000
107779  -34.996  -75.117  -13.608 0.0000000000
107780  -35.533  -74.660  -14.370 0.0000000000
107781  -38.869  -73.220  -16.550 0.0000000000
107782  -38.298  -73.272  -16.429 0.0000000000
107783  -39.105  -72.552  -16.703 0.0000000000
107784  -39.308  -71.935  -16.875 0.0000000000
107785  -39.494  -71.347  -17.067 0.0000000000
107786  -39.645  -70.716  -17.141 0.0000000000
107787  -40.476  -70.379  -17.329 0.0000000000
107788  -41.257  -69.391  -17.530 0.0000000000
107789  -41.983  -68.414  -17.682 0.0000000000
114214  -40.592  -69.731  -12.926 0.0000000000
114215  -40.781  -70.130  -13.436 0.0000000000
114216  -40.954  -70.679  -14.043 0.0000000000
114217  -40.957  -69.665  -13.802 0.0000000000
114218  -41.112  -69.154  -14.150 0.0000000000
114219  -41.249  -68.644  -14.455 0.0000000000
114220  -41.636  -64.911  -14.610 0.0000000000
114221  -41.693  -65.763  -14.776 0.0000000000
114222  -41.987  -65.127  -15.138 0.0000000000
114223  -42.334  -65.454  -15.728 0.0000000000
114224  -42.703  -65.760  -16.248 0.0000000000
114225  -43.043  -66.080  -16.746 0.0000000000
114226  -43.108  -65.034  -16.598 0.0000000000
114227  -43.485  -64.301  -16.912 0.0000000000
114228  -43.719  -63.540  -17.247 0.0000000000
114347  -43.324  -60.165  -17.966 0.0000000000
114350  -43.501  -59.553  -19.411 0.0000000000
114351  -43.420  -59.702  -19.705 0.0000000000
114352  -43.292  -58.826  -19.617 0.0000000000
115989  -36.152  -71.535  -16.090 0.0000000000
115990  -35.353  -71.532  -15.786 0.0000000000
115991  -36.206  -70.781  -16.131 0.0000000000
115992  -36.289  -69.988  -16.124 0.0000000000
115993  -36.419  -69.137  -16.073 0.0000000000
115994  -38.253  -68.030  -16.815 0.0000000000
115995  -37.396  -68.163  -16.390 0.0000000000
115996  -36.508  -68.254  -15.998 0.0000000000
115997  -36.519  -67.452  -15.937 0.0000000000
115998  -36.475  -66.672  -15.892 0.0000000000
115999  -36.419  -65.898  -15.873 0.0000000000
116000  -36.385  -65.225  -15.855 0.0000000000
116001  -37.250  -64.967  -16.319 0.0000000000
116002  -37.988  -64.117  -16.840 0.0000000000
116003  -38.662  -63.168  -17.436 0.0000000000
116004  -39.656  -63.612  -18.072 0.0000000000
116005  -39.446  -62.897  -18.061 0.0000000000
116006  -39.178  -62.163  -18.054 0.0000000000
116007  -39.702  -61.205  -18.674 0.0000000000
116008  -40.168  -60.276  -19.236 0.0000000000
116009  -40.593  -59.436  -19.655 0.0000000000
120926  -24.979  -82.425  -10.964 0.0000000000
120927  -25.470  -82.039  -10.399 0.0000000000
120928  -25.995  -81.655  -9.781 0.0000000000
120929  -27.485  -81.269  -9.929 0.0000000000
120930  -26.916  -81.265  -9.625 0.0000000000
120931  -26.402  -81.249  -9.242 0.0000000000
120932  -26.832  -80.850  -8.782 0.0000000000
120933  -27.220  -80.453  -8.415 0.0000000000
120934  -27.580  -79.902  -8.067 0.0000000000
120935  -29.360  -72.994  -12.937 0.0000000000
120936  -29.181  -73.918  -12.007 0.0000000000
120937  -29.179  -73.202  -12.241 0.0000000000
120938  -29.142  -73.326  -11.471 0.0000000000
120939  -29.158  -73.442  -10.700 0.0000000000
120940  -29.436  -71.882  -11.597 0.0000000000
120941  -29.328  -72.699  -10.819 0.0000000000
120942  -29.163  -73.555  -9.914 0.0000000000
120943  -29.155  -73.609  -9.212 0.0000000000
120944  -29.175  -73.591  -8.467 0.0000000000
120945  -29.102  -73.643  -7.751 0.0000000000
122853  -27.372  -83.706  -14.174 0.0000000000
122854  -28.458  -83.398  -13.893 0.0000000000
122855  -29.544  -83.001  -13.613 0.0000000000
122856  -35.992  -79.728  -13.718 0.0000000000
122857  -35.311  -79.949  -13.502 0.0000000000
122858  -35.992  -79.127  -13.452 0.0000000000
122859  -36.033  -78.496  -13.273 0.0000000000
122860  -36.061  -77.861  -13.285 0.0000000000
122861  -37.205  -76.955  -14.042 0.0000000000
122862  -36.633  -76.997  -13.791 0.0000000000
122863  -36.074  -77.201  -13.369 0.0000000000
122864  -36.047  -76.541  -13.479 0.0000000000
122865  -36.025  -76.010  -13.651 0.0000000000
122866  -36.057  -75.590  -13.855 0.0000000000
122867  -36.116  -75.237  -14.096 0.0000000000
122868  -36.707  -75.158  -14.591 0.0000000000
122869  -37.297  -74.696  -15.301 0.0000000000
122870  -37.955  -74.299  -15.910 0.0000000000
122871  -38.438  -74.577  -15.787 0.0000000000
122872  -38.537  -74.142  -16.112 0.0000000000
122873  -38.672  -73.693  -16.386 0.0000000000
122874  -39.533  -72.929  -16.606 0.0000000000
122875  -40.352  -72.084  -16.659 0.0000000000
122876  -41.093  -71.119  -16.704 0.0000000000
127869  -40.077  -63.548  -10.286 0.0000000000
127872  -40.590  -66.044  -11.448 0.0000000000
127873  -40.807  -66.447  -11.956 0.0000000000
127874  -40.986  -66.686  -12.467 0.0000000000
127875  -41.130  -66.987  -13.007 0.0000000000
127876  -41.086  -66.177  -12.867 0.0000000000
127877  -41.152  -65.651  -13.265 0.0000000000
127878  -41.237  -65.068  -13.661 0.0000000000
127879  -40.916  -63.728  -12.793 0.0000000000
127880  -41.115  -64.166  -13.421 0.0000000000
127881  -41.379  -64.493  -14.047 0.0000000000
127882  -41.564  -63.918  -14.374 0.0000000000
127883  -41.790  -63.303  -14.679 0.0000000000
127884  -42.029  -62.597  -14.973 0.0000000000
130779  -31.358  -77.509  -11.025 0.0000000000
130780  -30.833  -77.811  -10.687 0.0000000000
130781  -31.227  -76.882  -11.352 0.0000000000
130782  -30.962  -76.285  -11.742 0.0000000000
130783  -30.606  -75.767  -12.192 0.0000000000
130784  -31.906  -74.715  -13.449 0.0000000000
130785  -31.063  -74.937  -13.090 0.0000000000
130786  -30.241  -75.281  -12.590 0.0000000000
130787  -29.930  -74.789  -12.947 0.0000000000
130788  -29.809  -74.154  -13.181 0.0000000000
130789  -29.782  -73.455  -13.377 0.0000000000
130790  -34.542  -71.538  -15.497 0.0000000000
130791  -33.756  -71.641  -15.216 0.0000000000
130792  -32.928  -71.816  -14.973 0.0000000000
130793  -33.793  -70.191  -15.222 0.0000000000
130794  -32.951  -71.113  -15.052 0.0000000000
130795  -32.101  -71.955  -14.792 0.0000000000
130796  -31.279  -72.239  -14.517 0.0000000000
130797  -30.456  -72.436  -14.181 0.0000000000
130798  -29.760  -72.750  -13.592 0.0000000000
130799  -29.766  -72.116  -13.794 0.0000000000
130800  -29.690  -71.411  -13.987 0.0000000000
130801  -29.739  -70.712  -14.037 0.0000000000
130802  -31.267  -69.424  -14.931 0.0000000000
130803  -30.467  -69.701  -14.579 0.0000000000
130804  -29.875  -70.014  -14.019 0.0000000000
130805  -30.021  -69.238  -14.005 0.0000000000
130806  -30.146  -68.517  -14.029 0.0000000000
130807  -30.218  -67.817  -14.050 0.0000000000
130812  -32.923  -65.546  -15.290 0.0000000000
130818  -36.330  -64.584  -15.808 0.0000000000
130819  -36.257  -63.955  -15.698 0.0000000000
130820  -36.167  -63.280  -15.589 0.0000000000
130821  -37.620  -62.012  -16.729 0.0000000000
130822  -36.920  -62.306  -16.042 0.0000000000
130823  -36.047  -62.576  -15.471 0.0000000000
132520  -31.535  -84.410  -15.835 0.0000000000
132521  -32.445  -83.648  -15.447 0.0000000000
132524  -33.197  -82.886  -15.009 0.0000000000
137073  -39.901  -61.184  -9.026 0.0000000000
137074  -40.030  -60.703  -9.324 0.0000000000
137075  -40.146  -60.125  -9.629 0.0000000000
143972  -22.964  -81.253  -6.869 0.0000000000
143973  -22.307  -81.188  -6.594 0.0000000000
143974  -21.731  -80.949  -6.434 0.0000000000
143975  -22.038  -80.327  -6.189 0.0000000000
143976  -22.374  -79.658  -5.932 0.0000000000
143977  -22.747  -78.971  -5.691 0.0000000000
143978  -30.328  -78.065  -10.297 0.0000000000
143979  -29.895  -78.284  -9.909 0.0000000000
143980  -29.453  -78.510  -9.545 0.0000000000
143981  -29.477  -77.110  -10.116 0.0000000000
143982  -29.351  -77.944  -9.549 0.0000000000
143983  -29.078  -78.772  -9.120 0.0000000000
143984  -28.769  -78.970  -8.718 0.0000000000
143985  -28.341  -79.189  -8.242 0.0000000000
143986  -27.780  -79.360  -7.775 0.0000000000
143987  -28.955  -74.834  -11.073 0.0000000000
143988  -28.794  -75.686  -10.193 0.0000000000
143989  -28.738  -76.482  -9.339 0.0000000000
143990  -28.651  -75.890  -8.901 0.0000000000
143991  -28.649  -76.613  -8.687 0.0000000000
143992  -28.682  -77.268  -8.530 0.0000000000
143993  -28.448  -78.081  -7.896 0.0000000000
143994  -27.923  -78.788  -7.553 0.0000000000
143995  -27.295  -79.383  -7.331 0.0000000000
143996  -26.702  -79.419  -6.927 0.0000000000
143997  -25.923  -79.302  -6.568 0.0000000000
143998  -25.364  -79.187  -6.246 0.0000000000
143999  -26.460  -78.015  -6.117 0.0000000000
144000  -25.623  -78.618  -6.012 0.0000000000
144001  -24.734  -79.107  -5.976 0.0000000000
144002  -24.190  -78.901  -5.701 0.0000000000
144003  -23.656  -78.622  -5.499 0.0000000000
148945  -26.206  -82.440  -11.707 0.0000000000
148946  -27.289  -82.142  -11.238 0.0000000000
148947  -27.716  -82.388  -11.893 0.0000000000
148948  -27.952  -82.084  -11.387 0.0000000000
148949  -28.242  -81.676  -10.849 0.0000000000
148950  -29.175  -81.005  -10.550 0.0000000000
148951  -30.112  -80.132  -10.445 0.0000000000
148952  -30.732  -79.114  -10.594 0.0000000000
148954  -29.843  -84.366  -15.224 0.0000000000
148955  -29.955  -83.965  -14.782 0.0000000000
148956  -31.632  -83.104  -14.587 0.0000000000
148957  -30.842  -83.375  -14.497 0.0000000000
148958  -30.049  -83.598  -14.374 0.0000000000
148959  -30.163  -83.277  -14.005 0.0000000000
148960  -30.235  -82.879  -13.659 0.0000000000
148961  -30.336  -82.480  -13.262 0.0000000000
148962  -34.603  -80.242  -13.268 0.0000000000
148963  -33.953  -80.501  -13.054 0.0000000000
148964  -33.263  -80.882  -12.948 0.0000000000
148965  -34.186  -79.299  -12.382 0.0000000000
148966  -33.404  -80.300  -12.556 0.0000000000
148967  -32.543  -81.223  -12.827 0.0000000000
148968  -31.863  -81.494  -12.766 0.0000000000
148969  -31.241  -81.834  -12.664 0.0000000000
148970  -30.487  -82.067  -12.799 0.0000000000
148971  -30.696  -81.572  -12.244 0.0000000000
148972  -30.879  -81.078  -11.752 0.0000000000
148973  -31.027  -80.571  -11.299 0.0000000000
148974  -32.474  -79.126  -11.185 0.0000000000
148975  -31.847  -79.526  -11.039 0.0000000000
148976  -31.174  -80.002  -10.934 0.0000000000
148977  -31.300  -79.364  -10.795 0.0000000000
148978  -31.386  -78.700  -10.762 0.0000000000
148979  -31.434  -78.027  -10.796 0.0000000000
148980  -31.979  -77.063  -11.405 0.0000000000
148981  -32.539  -76.199  -12.130 0.0000000000
148982  -33.028  -75.454  -12.924 0.0000000000
148983  -33.729  -75.599  -12.896 0.0000000000
148984  -33.588  -75.184  -13.297 0.0000000000
148985  -33.439  -74.756  -13.721 0.0000000000
148986  -33.934  -74.153  -14.389 0.0000000000
148987  -34.579  -73.486  -15.024 0.0000000000
148988  -35.363  -72.715  -15.544 0.0000000000
148989  -36.127  -74.856  -14.481 0.0000000000
148990  -36.161  -74.518  -14.815 0.0000000000
148991  -36.191  -74.140  -15.143 0.0000000000
148992  -37.594  -73.479  -16.148 0.0000000000
148993  -36.849  -73.579  -15.811 0.0000000000
148994  -36.163  -73.684  -15.438 0.0000000000
148995  -36.116  -73.198  -15.673 0.0000000000
148996  -36.066  -72.698  -15.867 0.0000000000
148997  -36.047  -72.175  -16.007 0.0000000000
148998  -37.004  -71.333  -16.420 0.0000000000
148999  -37.985  -70.483  -16.786 0.0000000000
149000  -39.023  -69.542  -17.089 0.0000000000
149001  -39.807  -70.012  -17.227 0.0000000000
149002  -39.944  -69.256  -17.334 0.0000000000
149003  -39.986  -68.453  -17.474 0.0000000000
149004  -40.906  -67.447  -17.988 0.0000000000
149005  -41.689  -66.368  -18.368 0.0000000000
149006  -42.468  -65.368  -18.609 0.0000000000
161871  -40.185  -73.790  -14.233 0.0000000000
161872  -40.356  -73.403  -14.642 0.0000000000
161873  -40.565  -72.975  -15.058 0.0000000000
161874  -40.824  -72.497  -15.464 0.0000000000
161875  -41.070  -71.156  -14.651 0.0000000000
161876  -41.145  -71.571  -15.307 0.0000000000
161877  -41.019  -71.997  -15.800 0.0000000000
161878  -41.202  -71.444  -16.090 0.0000000000
161879  -41.382  -70.861  -16.356 0.0000000000
161880  -41.578  -70.312  -16.618 0.0000000000
161881  -41.220  -67.376  -13.574 0.0000000000
161882  -41.342  -67.775  -14.173 0.0000000000
161883  -41.475  -68.180  -14.744 0.0000000000
161884  -41.742  -66.749  -14.933 0.0000000000
161885  -41.739  -67.654  -15.105 0.0000000000
161886  -41.731  -68.609  -15.356 0.0000000000
161887  -41.917  -68.946  -15.971 0.0000000000
161888  -41.925  -69.354  -16.415 0.0000000000
161889  -41.862  -69.651  -16.898 0.0000000000
161890  -42.129  -68.966  -17.170 0.0000000000
161891  -42.319  -68.249  -17.440 0.0000000000
161892  -42.562  -67.448  -17.723 0.0000000000
161893  -43.192  -66.379  -17.246 0.0000000000
161894  -43.044  -66.582  -17.637 0.0000000000
161895  -42.765  -66.668  -18.007 0.0000000000
161896  -42.900  -65.974  -18.274 0.0000000000
161897  -42.970  -65.266  -18.532 0.0000000000
161898  -43.005  -64.485  -18.785 0.0000000000
162120  -41.087  -61.081  -13.479 0.0000000000
162121  -41.413  -61.331  -14.082 0.0000000000
162122  -41.810  -61.540  -14.691 0.0000000000
162123  -42.252  -61.804  -15.347 0.0000000000
162131  -42.411  -61.077  -15.799 0.0000000000
162132  -42.731  -62.002  -15.981 0.0000000000
162133  -43.218  -62.273  -16.576 0.0000000000
162134  -43.650  -62.417  -17.111 0.0000000000
162135  -43.880  -62.649  -17.680 0.0000000000
162136  -43.662  -61.023  -18.093 0.0000000000
162137  -43.920  -61.864  -18.137 0.0000000000
162138  -43.962  -62.966  -18.113 0.0000000000
162139  -43.741  -63.129  -18.574 0.0000000000
162140  -43.460  -63.316  -18.856 0.0000000000
162141  -42.955  -63.509  -19.059 0.0000000000
162142  -42.825  -62.665  -19.258 0.0000000000
162143  -42.634  -61.874  -19.429 0.0000000000
162144  -42.368  -61.109  -19.592 0.0000000000
162145  -43.102  -59.947  -19.812 0.0000000000
162146  -42.750  -60.152  -19.887 0.0000000000
162147  -42.070  -60.383  -19.744 0.0000000000
162148  -41.781  -59.755  -19.864 0.0000000000
162149  -41.321  -59.184  -19.906 0.0000000000
