#!ascii label  , from subject fsaverage vox2ras=TkReg coords=white
1540
88  -42.261  -81.724  -13.242 0.0000000000
208  -38.933  -87.266  -8.025 0.0000000000
349  -30.818  -78.472  -10.560 0.0000000000
350  -22.325  -78.634  -5.763 0.0000000000
446  -39.862  -74.518  -14.432 0.0000000000
616  -42.856  -74.239  -5.499 0.0000000000
829  -35.372  -72.149  -15.675 0.0000000000
830  -29.324  -73.748  -12.691 0.0000000000
979  -35.991  -88.051  -14.552 0.0000000000
981  -35.710  -84.439  -15.803 0.0000000000
982  -35.273  -80.496  -13.878 0.0000000000
983  -40.214  -78.414  -13.515 0.0000000000
1407  -25.337  -72.217  -4.442 0.0000000000
1408  -19.866  -76.345  -7.468 0.0000000000
1526  -40.976  -84.517  -10.578 0.0000000000
1779  -23.754  -83.335  -11.750 0.0000000000
1781  -27.064  -79.944  -7.678 0.0000000000
1782  -28.617  -74.435  -7.040 0.0000000000
1783  -30.572  -67.883  -7.567 0.0000000000
1998  -29.694  -82.637  -13.144 0.0000000000
1999  -35.571  -75.821  -13.387 0.0000000000
2483  -41.516  -81.017  -6.757 0.0000000000
2484  -43.835  -77.220  -9.482 0.0000000000
2487  -42.490  -75.307  -10.177 0.0000000000
2899  -39.178  -85.426  -14.148 0.0000000000
2900  -36.039  -86.453  -15.880 0.0000000000
2901  -39.033  -83.714  -14.831 0.0000000000
2902  -38.502  -81.447  -14.408 0.0000000000
2903  -41.415  -80.045  -13.607 0.0000000000
3499  -36.256  -89.814  -8.209 0.0000000000
3501  -36.956  -88.629  -9.199 0.0000000000
3502  -37.832  -86.979  -10.752 0.0000000000
3503  -39.961  -85.858  -9.149 0.0000000000
3924  -27.571  -81.730  -10.662 0.0000000000
3925  -25.405  -81.565  -9.422 0.0000000000
3926  -28.987  -79.333  -9.282 0.0000000000
3927  -29.404  -70.947  -13.316 0.0000000000
3928  -28.985  -74.294  -9.855 0.0000000000
3929  -30.032  -71.330  -10.125 0.0000000000
3930  -29.732  -71.301  -7.078 0.0000000000
4383  -29.043  -84.015  -14.697 0.0000000000
4384  -37.861  -77.406  -14.099 0.0000000000
4385  -35.478  -78.032  -12.905 0.0000000000
4386  -37.743  -75.481  -15.009 0.0000000000
4387  -38.138  -73.818  -16.197 0.0000000000
4388  -40.462  -72.900  -15.922 0.0000000000
5561  -41.816  -75.807  -4.534 0.0000000000
5562  -41.144  -79.137  -4.604 0.0000000000
5563  -41.713  -77.451  -6.059 0.0000000000
5564  -42.716  -79.008  -8.286 0.0000000000
5565  -43.340  -75.581  -7.178 0.0000000000
5572  -43.129  -73.383  -8.622 0.0000000000
5574  -40.780  -74.416  -10.375 0.0000000000
5657  -20.817  -81.352  -6.798 0.0000000000
5846  -38.226  -88.196  -6.598 0.0000000000
6099  -32.867  -75.031  -13.320 0.0000000000
6100  -29.992  -76.114  -11.615 0.0000000000
6101  -32.156  -72.639  -14.669 0.0000000000
6102  -32.032  -69.975  -15.095 0.0000000000
6372  -32.668  -87.410  -16.459 0.0000000000
6373  -32.240  -85.215  -16.349 0.0000000000
6374  -32.451  -83.140  -15.013 0.0000000000
6375  -35.363  -82.475  -14.902 0.0000000000
6376  -38.050  -79.417  -13.935 0.0000000000
6377  -39.565  -76.260  -13.464 0.0000000000
7083  -42.318  -72.776  -4.205 0.0000000000
7139  -23.920  -75.623  -4.890 0.0000000000
7140  -21.056  -77.336  -6.467 0.0000000000
7141  -22.083  -74.182  -5.306 0.0000000000
7399  -38.815  -86.463  -12.568 0.0000000000
7400  -41.758  -83.184  -12.205 0.0000000000
7992  -23.238  -81.723  -7.732 0.0000000000
7993  -24.428  -79.673  -6.236 0.0000000000
7994  -28.873  -77.059  -9.149 0.0000000000
7995  -27.595  -77.479  -6.913 0.0000000000
7996  -25.824  -76.896  -5.243 0.0000000000
7997  -27.220  -73.642  -5.019 0.0000000000
7998  -28.516  -70.198  -5.082 0.0000000000
8575  -26.295  -82.966  -12.899 0.0000000000
8576  -30.342  -80.960  -11.242 0.0000000000
8577  -32.459  -81.717  -13.263 0.0000000000
8578  -32.974  -79.453  -11.590 0.0000000000
8579  -33.274  -76.825  -11.852 0.0000000000
8580  -35.496  -74.275  -14.759 0.0000000000
8581  -38.671  -71.486  -16.768 0.0000000000
10002  -39.777  -85.546  -5.740 0.0000000000
10004  -41.176  -82.332  -5.107 0.0000000000
10005  -40.642  -84.319  -7.156 0.0000000000
10006  -41.881  -82.823  -8.856 0.0000000000
10007  -42.986  -80.935  -10.365 0.0000000000
10008  -43.745  -79.425  -11.270 0.0000000000
10014  -44.628  -72.630  -6.285 0.0000000000
10015  -44.341  -74.181  -8.254 0.0000000000
10016  -44.018  -76.026  -9.915 0.0000000000
10017  -43.388  -78.167  -11.773 0.0000000000
10018  -41.609  -77.283  -12.045 0.0000000000
10019  -40.185  -75.567  -11.979 0.0000000000
10020  -39.995  -73.272  -12.357 0.0000000000
10579  -40.726  -83.743  -13.696 0.0000000000
10580  -39.153  -84.667  -14.741 0.0000000000
10581  -40.770  -82.829  -14.063 0.0000000000
10582  -40.459  -81.826  -14.080 0.0000000000
10583  -42.009  -80.755  -13.497 0.0000000000
11179  -37.644  -88.604  -8.196 0.0000000000
11180  -36.566  -89.358  -8.697 0.0000000000
11181  -38.087  -88.020  -8.659 0.0000000000
11182  -38.594  -87.147  -9.145 0.0000000000
11183  -39.436  -86.545  -8.498 0.0000000000
11604  -29.446  -80.459  -10.224 0.0000000000
11605  -28.333  -80.548  -9.826 0.0000000000
11606  -29.896  -78.965  -9.889 0.0000000000
11608  -29.620  -71.189  -11.652 0.0000000000
11609  -30.153  -69.704  -11.744 0.0000000000
11610  -30.454  -69.808  -10.219 0.0000000000
12063  -28.839  -84.800  -15.647 0.0000000000
12064  -38.893  -76.098  -14.486 0.0000000000
12065  -37.770  -76.396  -14.489 0.0000000000
12066  -38.979  -75.213  -15.144 0.0000000000
12067  -39.101  -74.363  -15.792 0.0000000000
12068  -40.097  -73.788  -15.191 0.0000000000
13241  -42.258  -74.966  -5.073 0.0000000000
13242  -41.712  -76.536  -5.112 0.0000000000
13243  -42.272  -75.678  -5.746 0.0000000000
13244  -42.481  -76.408  -6.672 0.0000000000
13245  -43.153  -74.939  -6.227 0.0000000000
13337  -21.453  -80.107  -6.189 0.0000000000
13339  -20.672  -79.342  -6.509 0.0000000000
13582  -36.749  -89.039  -6.932 0.0000000000
14004  -33.856  -73.667  -14.700 0.0000000000
14005  -32.343  -73.960  -14.190 0.0000000000
14006  -33.737  -72.302  -15.141 0.0000000000
14457  -35.897  -85.493  -16.071 0.0000000000
14458  -34.491  -86.919  -16.382 0.0000000000
14459  -34.214  -85.821  -16.549 0.0000000000
14460  -32.405  -86.299  -16.520 0.0000000000
14461  -33.975  -84.671  -16.137 0.0000000000
14462  -33.883  -83.755  -15.551 0.0000000000
14463  -35.444  -83.527  -15.333 0.0000000000
14464  -39.563  -80.020  -13.800 0.0000000000
14465  -38.271  -80.459  -14.137 0.0000000000
14466  -39.183  -78.952  -13.723 0.0000000000
14467  -38.959  -77.898  -13.755 0.0000000000
14468  -39.824  -77.373  -13.383 0.0000000000
15737  -24.599  -73.981  -4.563 0.0000000000
15738  -22.967  -74.933  -4.936 0.0000000000
15739  -23.614  -73.254  -4.667 0.0000000000
16264  -39.577  -85.882  -10.745 0.0000000000
16265  -38.375  -86.690  -11.681 0.0000000000
16266  -40.030  -85.516  -11.550 0.0000000000
16267  -40.366  -84.986  -12.372 0.0000000000
16268  -41.397  -83.799  -11.448 0.0000000000
17532  -26.323  -80.911  -8.417 0.0000000000
17533  -24.427  -81.634  -8.571 0.0000000000
17534  -25.176  -80.956  -7.608 0.0000000000
17535  -23.849  -80.741  -6.810 0.0000000000
17536  -25.738  -79.923  -6.859 0.0000000000
17537  -29.342  -75.114  -12.243 0.0000000000
17538  -29.255  -76.540  -10.285 0.0000000000
17539  -28.994  -75.507  -10.832 0.0000000000
17540  -28.853  -74.390  -8.454 0.0000000000
17541  -28.477  -75.940  -8.222 0.0000000000
17542  -27.978  -75.904  -7.007 0.0000000000
17543  -26.723  -77.295  -6.009 0.0000000000
17544  -27.398  -75.760  -5.839 0.0000000000
17545  -26.569  -75.317  -5.082 0.0000000000
17546  -28.088  -74.178  -5.829 0.0000000000
17547  -30.144  -69.548  -7.249 0.0000000000
17548  -29.216  -70.723  -5.889 0.0000000000
17549  -29.761  -69.054  -6.158 0.0000000000
17550  -29.108  -68.380  -5.397 0.0000000000
17551  -30.303  -67.379  -6.514 0.0000000000
18904  -27.571  -83.388  -13.845 0.0000000000
18905  -25.760  -83.407  -13.769 0.0000000000
18906  -28.064  -82.859  -13.035 0.0000000000
18907  -28.522  -82.272  -11.997 0.0000000000
18908  -30.006  -81.877  -12.191 0.0000000000
18909  -33.814  -81.857  -14.342 0.0000000000
18910  -32.429  -82.422  -14.168 0.0000000000
18911  -33.862  -81.030  -13.530 0.0000000000
18912  -35.507  -76.825  -13.034 0.0000000000
18913  -34.267  -78.630  -12.171 0.0000000000
18914  -34.384  -77.352  -12.172 0.0000000000
18915  -33.131  -78.098  -11.421 0.0000000000
18916  -34.463  -76.226  -12.584 0.0000000000
18917  -34.386  -75.322  -13.284 0.0000000000
18918  -35.562  -75.008  -13.968 0.0000000000
18919  -39.766  -72.327  -16.791 0.0000000000
18920  -38.408  -72.734  -16.536 0.0000000000
22444  -41.235  -80.161  -5.630 0.0000000000
22445  -41.130  -80.846  -4.747 0.0000000000
22446  -41.273  -81.760  -5.905 0.0000000000
22447  -40.836  -83.341  -6.203 0.0000000000
22448  -41.279  -82.771  -6.938 0.0000000000
22449  -41.233  -83.685  -8.008 0.0000000000
22450  -41.840  -81.961  -7.779 0.0000000000
22451  -43.286  -78.010  -8.958 0.0000000000
22452  -42.941  -79.959  -9.325 0.0000000000
22453  -43.537  -79.013  -9.947 0.0000000000
22454  -43.445  -80.193  -10.856 0.0000000000
22455  -43.787  -78.311  -10.343 0.0000000000
22471  -44.444  -71.968  -6.706 0.0000000000
22472  -44.637  -73.334  -7.217 0.0000000000
22473  -44.242  -72.799  -7.581 0.0000000000
22474  -42.885  -74.313  -9.339 0.0000000000
22475  -43.733  -74.580  -9.204 0.0000000000
22476  -43.491  -75.591  -10.057 0.0000000000
22477  -43.846  -77.038  -10.780 0.0000000000
22478  -43.059  -76.723  -10.941 0.0000000000
22479  -42.470  -77.877  -11.930 0.0000000000
22480  -42.131  -76.424  -11.055 0.0000000000
22481  -40.183  -73.484  -10.480 0.0000000000
22482  -40.483  -75.049  -11.230 0.0000000000
22483  -40.034  -74.110  -11.276 0.0000000000
22484  -39.903  -74.420  -12.042 0.0000000000
22485  -39.875  -72.827  -11.514 0.0000000000
22735  -20.433  -76.855  -6.907 0.0000000000
22736  -19.925  -78.350  -7.645 0.0000000000
22737  -19.467  -77.881  -8.197 0.0000000000
23380  -35.365  -70.812  -15.835 0.0000000000
23649  -37.638  -86.645  -14.426 0.0000000000
23650  -36.147  -87.292  -15.270 0.0000000000
23651  -37.660  -86.011  -15.122 0.0000000000
23652  -37.527  -85.150  -15.378 0.0000000000
23653  -37.251  -84.077  -15.249 0.0000000000
23654  -37.076  -83.000  -15.014 0.0000000000
23655  -38.766  -82.553  -14.646 0.0000000000
23656  -39.992  -80.945  -13.923 0.0000000000
23657  -40.763  -79.272  -13.584 0.0000000000
24419  -26.055  -70.427  -4.402 0.0000000000
24733  -35.611  -89.018  -9.790 0.0000000000
24734  -35.942  -88.250  -10.602 0.0000000000
24735  -37.364  -87.616  -9.816 0.0000000000
24736  -39.109  -86.367  -9.906 0.0000000000
24737  -40.493  -85.219  -9.862 0.0000000000
25494  -25.601  -82.475  -11.436 0.0000000000
25495  -24.462  -82.371  -10.591 0.0000000000
25496  -26.437  -81.697  -10.156 0.0000000000
25497  -27.370  -80.804  -9.173 0.0000000000
25498  -28.125  -79.778  -8.501 0.0000000000
25499  -29.329  -72.305  -13.158 0.0000000000
25500  -29.008  -74.087  -11.310 0.0000000000
25501  -29.274  -72.587  -11.568 0.0000000000
25502  -29.379  -72.796  -9.978 0.0000000000
25503  -29.484  -72.844  -8.536 0.0000000000
25504  -29.286  -72.888  -7.102 0.0000000000
25505  -30.047  -71.434  -8.596 0.0000000000
25506  -30.428  -69.831  -8.716 0.0000000000
26320  -27.220  -83.991  -14.498 0.0000000000
26321  -29.332  -83.370  -13.899 0.0000000000
26322  -36.608  -78.889  -13.681 0.0000000000
26323  -35.365  -79.355  -13.177 0.0000000000
26324  -36.648  -77.644  -13.685 0.0000000000
26325  -36.615  -76.469  -13.903 0.0000000000
26326  -36.583  -75.567  -14.271 0.0000000000
26327  -36.764  -74.826  -14.915 0.0000000000
26328  -37.781  -74.659  -15.587 0.0000000000
26329  -39.342  -73.480  -16.429 0.0000000000
26330  -40.863  -71.731  -16.459 0.0000000000
28441  -41.573  -76.632  -3.959 0.0000000000
28442  -41.359  -78.262  -3.859 0.0000000000
28443  -41.460  -77.461  -4.561 0.0000000000
28444  -41.345  -78.429  -5.339 0.0000000000
28445  -41.505  -79.354  -6.412 0.0000000000
28446  -42.097  -80.131  -7.484 0.0000000000
28447  -42.170  -78.254  -7.151 0.0000000000
28448  -42.911  -77.156  -7.750 0.0000000000
28449  -43.665  -76.257  -8.346 0.0000000000
28460  -43.271  -72.480  -7.744 0.0000000000
28462  -42.183  -73.104  -8.693 0.0000000000
28463  -41.952  -74.015  -9.477 0.0000000000
28464  -41.593  -75.027  -10.289 0.0000000000
28465  -41.072  -73.521  -9.618 0.0000000000
28999  -37.241  -89.016  -7.603 0.0000000000
29000  -38.567  -87.747  -7.377 0.0000000000
29589  -31.883  -76.529  -11.735 0.0000000000
29590  -30.653  -77.212  -10.891 0.0000000000
29591  -31.427  -75.434  -12.650 0.0000000000
29592  -30.780  -74.395  -13.461 0.0000000000
29593  -30.473  -73.205  -13.949 0.0000000000
29594  -33.794  -70.945  -15.246 0.0000000000
29595  -32.071  -71.277  -14.918 0.0000000000
29596  -30.440  -71.734  -14.402 0.0000000000
29597  -30.474  -70.379  -14.598 0.0000000000
30224  -34.565  -87.913  -15.991 0.0000000000
30228  -30.470  -86.633  -16.431 0.0000000000
30229  -30.515  -85.598  -16.492 0.0000000000
30230  -30.704  -84.641  -15.854 0.0000000000
30231  -32.394  -84.175  -15.840 0.0000000000
30232  -33.877  -82.729  -14.944 0.0000000000
30233  -35.302  -81.417  -14.570 0.0000000000
30234  -36.857  -81.885  -14.684 0.0000000000
30235  -36.833  -80.897  -14.538 0.0000000000
30236  -36.742  -79.943  -14.071 0.0000000000
30237  -37.916  -78.350  -13.879 0.0000000000
30238  -38.858  -76.911  -13.985 0.0000000000
30239  -39.609  -75.285  -13.846 0.0000000000
31886  -42.061  -74.253  -4.432 0.0000000000
31887  -42.630  -73.505  -4.772 0.0000000000
32015  -23.221  -77.169  -5.277 0.0000000000
32016  -21.624  -77.875  -6.074 0.0000000000
32017  -22.312  -76.452  -5.486 0.0000000000
32018  -21.509  -75.921  -5.789 0.0000000000
32019  -20.831  -75.301  -6.271 0.0000000000
32696  -35.584  -88.479  -13.666 0.0000000000
32697  -36.496  -87.781  -11.696 0.0000000000
32698  -37.028  -87.550  -12.736 0.0000000000
32699  -37.481  -87.168  -13.587 0.0000000000
32700  -39.077  -86.007  -13.369 0.0000000000
32701  -40.551  -84.414  -13.150 0.0000000000
32702  -42.105  -82.583  -12.782 0.0000000000
34304  -23.544  -82.433  -9.770 0.0000000000
34307  -22.075  -81.729  -6.991 0.0000000000
34308  -22.564  -80.613  -6.271 0.0000000000
34309  -23.261  -79.277  -5.846 0.0000000000
34310  -29.741  -77.649  -9.994 0.0000000000
34311  -29.099  -78.161  -9.035 0.0000000000
34312  -28.458  -78.625  -8.009 0.0000000000
34313  -28.686  -75.831  -9.526 0.0000000000
34314  -28.500  -77.424  -7.940 0.0000000000
34315  -27.429  -78.842  -7.147 0.0000000000
34316  -26.213  -78.665  -6.312 0.0000000000
34317  -25.070  -78.432  -5.710 0.0000000000
34318  -24.116  -77.887  -5.247 0.0000000000
34319  -24.894  -76.333  -4.898 0.0000000000
34320  -25.632  -74.656  -4.702 0.0000000000
34321  -26.298  -72.894  -4.526 0.0000000000
34322  -28.663  -72.530  -5.803 0.0000000000
34323  -27.822  -71.899  -4.945 0.0000000000
34324  -26.986  -71.211  -4.512 0.0000000000
35986  -24.353  -83.732  -13.396 0.0000000000
35987  -24.838  -83.134  -12.530 0.0000000000
35988  -26.916  -82.449  -11.853 0.0000000000
35989  -28.947  -81.476  -10.936 0.0000000000
35990  -30.610  -79.788  -10.712 0.0000000000
35991  -30.800  -83.790  -14.923 0.0000000000
35992  -30.913  -83.030  -14.072 0.0000000000
35993  -31.092  -82.208  -13.205 0.0000000000
35994  -34.078  -79.942  -12.675 0.0000000000
35995  -32.652  -80.666  -12.383 0.0000000000
35996  -31.343  -81.310  -12.240 0.0000000000
35997  -31.739  -80.145  -11.306 0.0000000000
35998  -31.923  -78.898  -10.921 0.0000000000
35999  -32.005  -77.625  -11.122 0.0000000000
36000  -33.132  -75.888  -12.514 0.0000000000
36001  -34.058  -74.548  -14.048 0.0000000000
36002  -35.346  -73.334  -15.367 0.0000000000
36003  -36.786  -74.078  -15.564 0.0000000000
36004  -36.884  -73.075  -15.999 0.0000000000
36005  -36.942  -72.002  -16.302 0.0000000000
40241  -39.161  -86.938  -6.098 0.0000000000
40242  -39.303  -86.448  -6.861 0.0000000000
40246  -41.305  -79.878  -3.827 0.0000000000
40249  -40.534  -83.837  -5.459 0.0000000000
40250  -40.032  -84.984  -6.465 0.0000000000
40251  -39.831  -85.869  -7.540 0.0000000000
40252  -40.415  -85.258  -8.165 0.0000000000
40253  -41.070  -84.446  -8.891 0.0000000000
40254  -41.586  -83.589  -9.670 0.0000000000
40255  -42.480  -80.963  -8.569 0.0000000000
40256  -42.480  -81.837  -9.643 0.0000000000
40257  -42.162  -82.765  -10.472 0.0000000000
40258  -42.608  -82.042  -11.229 0.0000000000
40259  -43.027  -81.407  -11.836 0.0000000000
40260  -43.340  -80.705  -12.262 0.0000000000
40268  -43.066  -72.013  -4.578 0.0000000000
40269  -43.479  -72.654  -5.100 0.0000000000
40277  -44.370  -71.960  -5.492 0.0000000000
40278  -43.866  -73.389  -5.760 0.0000000000
40279  -44.088  -74.090  -6.707 0.0000000000
40280  -44.142  -74.707  -7.675 0.0000000000
40281  -44.105  -75.572  -8.834 0.0000000000
40282  -43.898  -73.769  -8.509 0.0000000000
40283  -44.059  -75.018  -9.109 0.0000000000
40284  -44.049  -76.561  -9.702 0.0000000000
40285  -44.035  -77.598  -10.494 0.0000000000
40286  -43.817  -78.653  -11.544 0.0000000000
40287  -43.224  -79.858  -12.667 0.0000000000
40288  -42.550  -79.217  -12.915 0.0000000000
40289  -41.762  -78.658  -12.954 0.0000000000
40290  -41.079  -77.927  -12.950 0.0000000000
40291  -41.257  -75.853  -11.144 0.0000000000
40292  -40.854  -76.559  -12.073 0.0000000000
40293  -40.430  -76.999  -12.830 0.0000000000
40294  -39.952  -75.908  -12.717 0.0000000000
40295  -39.793  -74.838  -12.905 0.0000000000
40296  -40.062  -73.860  -13.363 0.0000000000
40304  -40.387  -72.205  -12.970 0.0000000000
40305  -40.461  -73.037  -14.041 0.0000000000
40594  -20.217  -78.748  -7.080 0.0000000000
41299  -41.526  -82.782  -13.480 0.0000000000
41300  -40.756  -83.327  -13.941 0.0000000000
41301  -41.525  -82.296  -13.635 0.0000000000
41302  -41.447  -81.805  -13.725 0.0000000000
41303  -42.186  -81.227  -13.378 0.0000000000
41899  -38.345  -87.928  -8.084 0.0000000000
41900  -37.872  -88.345  -8.414 0.0000000000
41901  -38.559  -87.658  -8.335 0.0000000000
41902  -38.822  -87.282  -8.577 0.0000000000
41903  -39.198  -86.913  -8.247 0.0000000000
42324  -30.225  -79.499  -10.341 0.0000000000
42325  -29.684  -79.659  -10.037 0.0000000000
42326  -30.309  -78.766  -10.285 0.0000000000
42328  -29.927  -69.635  -12.532 0.0000000000
42784  -39.396  -75.351  -14.509 0.0000000000
42785  -38.935  -75.662  -14.804 0.0000000000
42786  -39.509  -74.941  -14.868 0.0000000000
42787  -39.589  -74.531  -15.230 0.0000000000
42788  -39.999  -74.156  -14.796 0.0000000000
43961  -42.530  -74.595  -5.307 0.0000000000
43962  -42.241  -75.288  -5.383 0.0000000000
43963  -42.611  -74.980  -5.625 0.0000000000
43964  -42.702  -75.311  -5.996 0.0000000000
43965  -43.023  -74.640  -5.814 0.0000000000
44057  -21.849  -79.389  -5.943 0.0000000000
44058  -20.964  -79.731  -6.305 0.0000000000
44059  -21.479  -78.985  -6.062 0.0000000000
44724  -34.531  -72.929  -15.208 0.0000000000
44725  -33.802  -72.980  -14.981 0.0000000000
44726  -34.529  -72.226  -15.386 0.0000000000
45177  -35.835  -84.949  -15.964 0.0000000000
45178  -35.137  -85.614  -16.365 0.0000000000
45179  -35.033  -85.083  -16.245 0.0000000000
45180  -34.132  -85.222  -16.420 0.0000000000
45181  -34.850  -84.582  -16.044 0.0000000000
45182  -34.687  -84.102  -15.780 0.0000000000
45183  -35.515  -83.983  -15.594 0.0000000000
45184  -39.913  -79.200  -13.678 0.0000000000
45185  -39.351  -79.468  -13.772 0.0000000000
45186  -39.708  -78.703  -13.621 0.0000000000
45187  -39.547  -78.213  -13.539 0.0000000000
45188  -40.028  -77.896  -13.425 0.0000000000
46457  -25.012  -73.059  -4.474 0.0000000000
46458  -24.201  -73.570  -4.570 0.0000000000
46459  -24.552  -72.680  -4.487 0.0000000000
46984  -40.285  -85.317  -10.640 0.0000000000
46985  -39.802  -85.701  -11.156 0.0000000000
46986  -40.484  -85.053  -11.022 0.0000000000
46987  -40.724  -84.708  -11.461 0.0000000000
46988  -41.178  -84.160  -11.016 0.0000000000
48251  -23.348  -83.313  -11.330 0.0000000000
48252  -26.755  -80.493  -8.055 0.0000000000
48253  -25.821  -80.939  -8.045 0.0000000000
48254  -26.175  -80.494  -7.607 0.0000000000
48255  -25.486  -80.486  -7.220 0.0000000000
48256  -26.468  -79.969  -7.237 0.0000000000
48257  -29.277  -74.486  -12.478 0.0000000000
48258  -29.076  -75.327  -11.485 0.0000000000
48259  -29.146  -74.644  -11.729 0.0000000000
48260  -28.760  -74.410  -7.730 0.0000000000
48261  -28.470  -75.167  -7.704 0.0000000000
48262  -28.308  -75.171  -7.021 0.0000000000
48263  -27.707  -75.892  -6.378 0.0000000000
48264  -28.041  -75.093  -6.405 0.0000000000
48265  -27.745  -74.934  -5.815 0.0000000000
48266  -28.393  -74.341  -6.418 0.0000000000
48267  -30.371  -68.712  -7.379 0.0000000000
48268  -29.985  -69.315  -6.654 0.0000000000
48269  -30.251  -68.471  -6.816 0.0000000000
48270  -30.005  -68.235  -6.285 0.0000000000
48271  -30.474  -67.652  -7.023 0.0000000000
49624  -28.649  -83.085  -13.587 0.0000000000
49625  -27.813  -83.062  -13.464 0.0000000000
49626  -28.927  -82.734  -13.055 0.0000000000
49627  -29.111  -82.427  -12.579 0.0000000000
49628  -29.846  -82.257  -12.643 0.0000000000
49629  -34.525  -81.171  -14.107 0.0000000000
49630  -33.816  -81.469  -13.966 0.0000000000
49631  -34.537  -80.721  -13.704 0.0000000000
49632  -35.510  -76.314  -13.165 0.0000000000
49633  -34.974  -77.047  -12.535 0.0000000000
49634  -35.015  -76.491  -12.734 0.0000000000
49635  -34.437  -76.766  -12.333 0.0000000000
49636  -35.024  -75.997  -12.975 0.0000000000
49637  -35.042  -75.533  -13.263 0.0000000000
49638  -35.579  -75.394  -13.653 0.0000000000
53164  -41.363  -80.629  -6.151 0.0000000000
53165  -41.280  -81.012  -5.732 0.0000000000
53166  -41.360  -81.396  -6.350 0.0000000000
53167  -41.259  -82.268  -6.459 0.0000000000
53168  -41.449  -81.900  -6.855 0.0000000000
53169  -41.527  -82.398  -7.330 0.0000000000
53170  -41.699  -81.494  -7.254 0.0000000000
53171  -43.607  -77.594  -9.285 0.0000000000
53172  -43.393  -78.504  -9.481 0.0000000000
53173  -43.670  -78.090  -9.747 0.0000000000
53174  -43.685  -78.617  -10.207 0.0000000000
53175  -43.866  -77.693  -9.930 0.0000000000
53192  -44.406  -72.337  -7.101 0.0000000000
53193  -44.013  -72.124  -7.174 0.0000000000
53194  -42.666  -74.776  -9.725 0.0000000000
53195  -43.208  -74.903  -9.608 0.0000000000
53196  -43.000  -75.437  -10.113 0.0000000000
53197  -43.294  -76.112  -10.524 0.0000000000
53198  -42.802  -76.006  -10.582 0.0000000000
53199  -42.592  -76.599  -11.001 0.0000000000
53200  -42.315  -75.881  -10.644 0.0000000000
53201  -39.974  -72.964  -10.547 0.0000000000
53202  -40.085  -73.825  -10.855 0.0000000000
53203  -39.940  -73.248  -10.937 0.0000000000
53204  -39.916  -73.516  -11.355 0.0000000000
53205  -39.864  -72.633  -11.076 0.0000000000
53455  -20.087  -76.666  -7.174 0.0000000000
53456  -19.936  -77.387  -7.560 0.0000000000
53457  -19.668  -77.227  -7.761 0.0000000000
54774  -38.420  -86.048  -14.345 0.0000000000
54775  -37.635  -86.331  -14.838 0.0000000000
54776  -38.445  -85.723  -14.695 0.0000000000
54777  -39.127  -84.228  -14.837 0.0000000000
54778  -38.385  -84.977  -15.083 0.0000000000
54779  -38.274  -84.500  -15.141 0.0000000000
54780  -37.455  -84.647  -15.347 0.0000000000
54781  -38.225  -83.974  -15.063 0.0000000000
54782  -38.111  -83.401  -14.983 0.0000000000
54783  -38.886  -83.168  -14.758 0.0000000000
54784  -41.016  -80.870  -13.809 0.0000000000
54785  -40.241  -81.356  -14.009 0.0000000000
54786  -40.725  -80.487  -13.784 0.0000000000
54787  -40.429  -80.113  -13.732 0.0000000000
54788  -41.077  -79.665  -13.581 0.0000000000
56577  -36.717  -89.021  -8.940 0.0000000000
56578  -35.920  -89.638  -8.995 0.0000000000
56579  -36.103  -89.252  -9.239 0.0000000000
56581  -36.308  -88.826  -9.491 0.0000000000
56582  -36.489  -88.316  -9.778 0.0000000000
56583  -37.169  -88.110  -9.451 0.0000000000
56584  -39.287  -86.494  -9.127 0.0000000000
56585  -38.853  -86.719  -9.507 0.0000000000
56586  -39.531  -86.157  -9.506 0.0000000000
56587  -39.788  -85.887  -9.916 0.0000000000
56588  -40.220  -85.545  -9.526 0.0000000000
57849  -26.609  -82.130  -11.068 0.0000000000
57850  -26.008  -82.094  -10.725 0.0000000000
57851  -27.007  -81.726  -10.380 0.0000000000
57852  -28.710  -79.918  -9.527 0.0000000000
57853  -27.935  -80.685  -9.506 0.0000000000
57854  -28.277  -80.138  -9.189 0.0000000000
57855  -27.778  -80.283  -8.801 0.0000000000
57856  -28.543  -79.579  -8.914 0.0000000000
57857  -29.373  -71.601  -13.295 0.0000000000
57858  -29.235  -72.477  -12.372 0.0000000000
57859  -29.307  -71.761  -12.444 0.0000000000
57860  -29.811  -71.244  -10.797 0.0000000000
57861  -29.536  -71.977  -10.781 0.0000000000
57862  -29.720  -72.047  -10.114 0.0000000000
57863  -29.475  -72.844  -9.284 0.0000000000
57864  -29.805  -72.075  -9.327 0.0000000000
57865  -29.784  -72.125  -8.576 0.0000000000
57866  -30.102  -71.336  -9.350 0.0000000000
57868  -30.507  -69.859  -9.501 0.0000000000
57869  -30.611  -69.076  -9.534 0.0000000000
57870  -30.563  -69.021  -8.757 0.0000000000
59224  -28.008  -84.371  -15.070 0.0000000000
59226  -28.102  -84.021  -14.627 0.0000000000
59227  -28.277  -83.709  -14.230 0.0000000000
59228  -29.170  -83.692  -14.289 0.0000000000
59229  -37.237  -78.085  -13.856 0.0000000000
59230  -36.628  -78.280  -13.647 0.0000000000
59231  -37.239  -77.531  -13.943 0.0000000000
59232  -37.763  -75.932  -14.729 0.0000000000
59233  -37.177  -76.442  -14.200 0.0000000000
59234  -37.151  -75.948  -14.410 0.0000000000
59235  -36.585  -75.997  -14.059 0.0000000000
59236  -37.135  -75.447  -14.687 0.0000000000
59237  -37.204  -75.061  -14.968 0.0000000000
59238  -37.747  -75.057  -15.293 0.0000000000
59239  -39.765  -73.724  -15.931 0.0000000000
59240  -39.202  -73.943  -16.122 0.0000000000
59241  -39.934  -73.254  -16.214 0.0000000000
59242  -40.128  -72.705  -16.447 0.0000000000
59243  -40.660  -72.373  -16.230 0.0000000000
62761  -41.680  -76.220  -4.251 0.0000000000
62762  -41.520  -77.032  -4.202 0.0000000000
62763  -41.611  -76.624  -4.514 0.0000000000
62764  -41.632  -76.967  -5.532 0.0000000000
62765  -41.516  -77.490  -5.211 0.0000000000
62766  -41.446  -77.947  -5.716 0.0000000000
62767  -41.354  -78.896  -5.880 0.0000000000
62768  -41.571  -78.437  -6.249 0.0000000000
62769  -41.810  -78.855  -6.782 0.0000000000
62770  -41.881  -77.945  -6.577 0.0000000000
62771  -42.932  -75.986  -6.934 0.0000000000
62772  -42.690  -76.834  -7.247 0.0000000000
62773  -43.110  -76.310  -7.530 0.0000000000
62774  -43.315  -76.693  -8.072 0.0000000000
62775  -43.479  -75.859  -7.768 0.0000000000
62797  -42.093  -73.562  -9.075 0.0000000000
62798  -41.593  -73.333  -9.170 0.0000000000
62799  -41.505  -73.802  -9.546 0.0000000000
62800  -41.168  -73.055  -9.249 0.0000000000
63784  -37.568  -88.676  -6.730 0.0000000000
63785  -37.051  -89.041  -7.259 0.0000000000
63786  -37.755  -88.605  -7.110 0.0000000000
63787  -37.909  -88.463  -7.490 0.0000000000
63788  -38.353  -88.021  -7.029 0.0000000000
65049  -32.418  -75.728  -12.529 0.0000000000
65050  -31.713  -75.909  -12.167 0.0000000000
65051  -32.191  -75.219  -12.987 0.0000000000
65052  -32.233  -73.293  -14.502 0.0000000000
65053  -31.607  -74.146  -13.884 0.0000000000
65054  -31.382  -73.510  -14.196 0.0000000000
65055  -30.583  -73.838  -13.728 0.0000000000
65056  -31.295  -72.841  -14.367 0.0000000000
65058  -34.573  -70.851  -15.513 0.0000000000
65059  -34.628  -70.094  -15.458 0.0000000000
65060  -32.906  -69.734  -15.125 0.0000000000
65061  -32.907  -70.419  -15.103 0.0000000000
65062  -32.038  -70.690  -15.011 0.0000000000
65063  -31.267  -71.552  -14.708 0.0000000000
65064  -31.269  -70.817  -14.869 0.0000000000
65065  -30.472  -71.041  -14.566 0.0000000000
65066  -31.281  -70.138  -14.924 0.0000000000
66407  -36.107  -86.869  -15.608 0.0000000000
66408  -35.419  -87.605  -15.664 0.0000000000
66409  -35.371  -87.167  -15.951 0.0000000000
66410  -33.638  -87.178  -16.485 0.0000000000
66411  -33.685  -87.655  -16.364 0.0000000000
66417  -32.298  -85.755  -16.448 0.0000000000
66418  -31.393  -86.511  -16.497 0.0000000000
66419  -31.329  -85.997  -16.531 0.0000000000
66420  -30.430  -86.125  -16.568 0.0000000000
66421  -31.354  -85.460  -16.467 0.0000000000
66422  -31.414  -84.946  -16.287 0.0000000000
66423  -32.318  -84.703  -16.161 0.0000000000
66424  -34.586  -83.129  -15.175 0.0000000000
66425  -33.901  -83.262  -15.248 0.0000000000
66426  -34.594  -82.592  -14.943 0.0000000000
66427  -34.581  -82.036  -14.733 0.0000000000
66428  -35.364  -81.908  -14.786 0.0000000000
66429  -37.857  -82.196  -14.721 0.0000000000
66430  -36.962  -82.441  -14.822 0.0000000000
66431  -37.739  -81.675  -14.551 0.0000000000
66432  -38.153  -79.944  -14.042 0.0000000000
66433  -37.556  -80.655  -14.349 0.0000000000
66434  -37.487  -80.140  -14.190 0.0000000000
66435  -36.808  -80.429  -14.308 0.0000000000
66436  -37.404  -79.632  -14.019 0.0000000000
66437  -37.308  -79.119  -13.872 0.0000000000
66438  -37.979  -78.863  -13.868 0.0000000000
66439  -39.319  -77.127  -13.645 0.0000000000
66440  -38.892  -77.377  -13.834 0.0000000000
66441  -39.270  -76.572  -13.766 0.0000000000
66442  -39.274  -76.130  -13.954 0.0000000000
66443  -39.565  -75.746  -13.629 0.0000000000
69971  -42.068  -73.084  -4.058 0.0000000000
69972  -41.949  -73.840  -4.134 0.0000000000
69973  -42.175  -73.499  -4.299 0.0000000000
69974  -42.326  -73.875  -4.610 0.0000000000
69975  -42.490  -73.163  -4.462 0.0000000000
70247  -23.552  -76.420  -5.059 0.0000000000
70248  -22.717  -76.791  -5.404 0.0000000000
70249  -23.089  -76.014  -5.168 0.0000000000
70250  -22.482  -74.581  -5.059 0.0000000000
70251  -22.191  -75.431  -5.269 0.0000000000
70252  -21.762  -75.047  -5.498 0.0000000000
70253  -21.170  -75.573  -6.012 0.0000000000
70254  -21.406  -74.704  -5.770 0.0000000000
71828  -35.371  -88.562  -13.170 0.0000000000
71829  -36.889  -87.577  -10.688 0.0000000000
71830  -36.206  -87.985  -11.140 0.0000000000
71831  -37.178  -87.342  -11.213 0.0000000000
71832  -38.637  -86.625  -12.105 0.0000000000
71833  -37.691  -87.123  -12.219 0.0000000000
71834  -37.963  -87.035  -12.684 0.0000000000
71835  -37.266  -87.391  -13.177 0.0000000000
71836  -38.126  -86.828  -13.135 0.0000000000
71837  -38.243  -86.593  -13.541 0.0000000000
71838  -38.960  -86.254  -12.999 0.0000000000
71839  -41.046  -84.095  -12.298 0.0000000000
71840  -40.453  -84.722  -12.766 0.0000000000
71841  -41.188  -83.836  -12.650 0.0000000000
71842  -41.324  -83.531  -12.935 0.0000000000
71843  -41.896  -82.922  -12.527 0.0000000000
75632  -25.026  -81.939  -9.991 0.0000000000
75633  -24.037  -82.307  -10.162 0.0000000000
75634  -24.440  -81.903  -9.563 0.0000000000
75635  -23.818  -81.713  -8.157 0.0000000000
75636  -23.484  -82.097  -8.676 0.0000000000
75637  -22.939  -82.131  -8.248 0.0000000000
75639  -22.317  -82.200  -7.816 0.0000000000
75640  -21.743  -82.219  -7.444 0.0000000000
75641  -22.648  -81.737  -7.332 0.0000000000
75642  -24.171  -80.213  -6.465 0.0000000000
75643  -23.208  -80.726  -6.485 0.0000000000
75644  -23.446  -80.150  -6.191 0.0000000000
75645  -22.902  -79.963  -6.024 0.0000000000
75646  -23.806  -79.568  -5.932 0.0000000000
75647  -30.353  -76.637  -11.259 0.0000000000
75648  -30.208  -77.403  -10.448 0.0000000000
75649  -29.915  -76.891  -10.684 0.0000000000
75650  -29.017  -76.797  -9.737 0.0000000000
75651  -29.196  -77.355  -9.593 0.0000000000
75652  -28.995  -77.605  -9.051 0.0000000000
75653  -28.820  -78.381  -8.603 0.0000000000
75654  -28.766  -77.859  -8.486 0.0000000000
75655  -28.983  -74.225  -10.584 0.0000000000
75656  -28.861  -74.965  -10.419 0.0000000000
75657  -28.770  -75.074  -9.763 0.0000000000
75658  -28.080  -76.826  -7.481 0.0000000000
75659  -28.444  -76.699  -8.057 0.0000000000
75660  -28.035  -77.556  -7.423 0.0000000000
75661  -28.000  -78.175  -7.444 0.0000000000
75662  -27.493  -78.239  -6.997 0.0000000000
75663  -26.784  -78.824  -6.745 0.0000000000
75664  -26.928  -78.161  -6.567 0.0000000000
75665  -26.297  -77.129  -5.593 0.0000000000
75666  -25.925  -77.870  -5.789 0.0000000000
75667  -25.416  -77.681  -5.425 0.0000000000
75668  -24.578  -78.193  -5.409 0.0000000000
75669  -24.973  -77.434  -5.169 0.0000000000
75670  -24.478  -77.133  -5.049 0.0000000000
75671  -25.339  -76.657  -5.027 0.0000000000
75672  -26.909  -74.497  -5.041 0.0000000000
75673  -26.047  -75.044  -4.843 0.0000000000
75674  -26.411  -74.178  -4.780 0.0000000000
75675  -25.949  -73.772  -4.598 0.0000000000
75676  -26.714  -73.274  -4.682 0.0000000000
75677  -29.530  -72.100  -7.103 0.0000000000
75678  -29.001  -72.775  -6.391 0.0000000000
75679  -29.231  -71.929  -6.389 0.0000000000
75680  -28.844  -70.528  -5.432 0.0000000000
75681  -28.530  -71.357  -5.324 0.0000000000
75682  -28.161  -71.070  -4.984 0.0000000000
75683  -27.396  -71.558  -4.675 0.0000000000
75684  -27.754  -70.715  -4.746 0.0000000000
75685  -27.348  -70.341  -4.567 0.0000000000
75686  -28.141  -69.794  -4.828 0.0000000000
79752  -26.025  -83.187  -13.353 0.0000000000
79753  -25.126  -83.504  -13.605 0.0000000000
79754  -25.292  -83.271  -13.226 0.0000000000
79755  -24.559  -83.455  -13.008 0.0000000000
79756  -25.499  -83.017  -12.812 0.0000000000
79757  -25.780  -82.725  -12.302 0.0000000000
79758  -26.574  -82.701  -12.423 0.0000000000
79759  -29.462  -81.707  -11.599 0.0000000000
79760  -28.761  -81.922  -11.430 0.0000000000
79761  -29.670  -81.219  -11.105 0.0000000000
79762  -29.879  -80.706  -10.692 0.0000000000
79763  -30.491  -80.430  -10.863 0.0000000000
79764  -31.591  -83.931  -15.403 0.0000000000
79765  -30.754  -84.216  -15.388 0.0000000000
79766  -31.605  -83.503  -14.984 0.0000000000
79767  -32.447  -82.046  -13.722 0.0000000000
79768  -31.666  -82.717  -14.149 0.0000000000
79769  -31.704  -82.348  -13.702 0.0000000000
79770  -30.993  -82.632  -13.647 0.0000000000
79771  -31.762  -81.961  -13.236 0.0000000000
79772  -35.444  -78.708  -12.931 0.0000000000
79773  -34.709  -79.618  -12.896 0.0000000000
79774  -34.803  -78.980  -12.630 0.0000000000
79775  -33.588  -79.042  -11.875 0.0000000000
79776  -33.475  -79.696  -12.147 0.0000000000
79777  -32.824  -80.096  -11.912 0.0000000000
79778  -32.010  -80.997  -12.262 0.0000000000
79779  -32.185  -80.420  -11.770 0.0000000000
79780  -31.516  -80.733  -11.778 0.0000000000
79781  -32.358  -79.759  -11.387 0.0000000000
79782  -33.250  -77.383  -11.609 0.0000000000
79783  -32.580  -78.479  -11.124 0.0000000000
79784  -32.646  -77.811  -11.226 0.0000000000
79785  -31.990  -78.269  -10.939 0.0000000000
79786  -32.652  -77.223  -11.458 0.0000000000
79787  -32.611  -76.694  -11.757 0.0000000000
79788  -33.221  -76.354  -12.148 0.0000000000
79789  -34.873  -74.753  -14.003 0.0000000000
79790  -34.256  -74.907  -13.656 0.0000000000
79791  -34.783  -74.362  -14.394 0.0000000000
79792  -34.686  -73.936  -14.732 0.0000000000
79793  -35.429  -73.856  -15.113 0.0000000000
79794  -37.387  -74.359  -15.668 0.0000000000
79795  -36.781  -74.473  -15.239 0.0000000000
79796  -37.507  -73.963  -15.951 0.0000000000
79797  -38.542  -72.114  -16.639 0.0000000000
79798  -37.666  -72.927  -16.293 0.0000000000
79799  -37.761  -72.298  -16.438 0.0000000000
79800  -36.912  -72.554  -16.150 0.0000000000
79801  -37.818  -71.743  -16.564 0.0000000000
90356  -39.794  -85.708  -5.411 0.0000000000
90357  -39.490  -86.469  -5.517 0.0000000000
90358  -39.438  -86.304  -5.848 0.0000000000
90359  -39.215  -86.708  -6.466 0.0000000000
90360  -39.458  -86.047  -6.249 0.0000000000
90369  -41.242  -78.675  -4.226 0.0000000000
90370  -41.327  -79.012  -3.859 0.0000000000
90371  -41.217  -79.517  -4.213 0.0000000000
90372  -41.199  -81.619  -4.895 0.0000000000
90373  -41.221  -81.118  -4.335 0.0000000000
90374  -41.256  -81.838  -4.522 0.0000000000
90376  -41.161  -82.570  -4.791 0.0000000000
90377  -40.830  -83.336  -4.958 0.0000000000
90378  -40.922  -83.054  -5.300 0.0000000000
90379  -40.731  -83.860  -6.684 0.0000000000
90380  -40.469  -84.138  -6.332 0.0000000000
90381  -40.322  -84.654  -6.818 0.0000000000
90382  -39.927  -85.437  -6.991 0.0000000000
90383  -40.233  -85.128  -7.328 0.0000000000
90384  -40.107  -85.569  -7.842 0.0000000000
90385  -40.572  -84.802  -7.687 0.0000000000
90386  -41.549  -83.310  -8.425 0.0000000000
90387  -41.234  -84.045  -8.448 0.0000000000
90388  -41.499  -83.636  -8.873 0.0000000000
90389  -41.381  -83.993  -9.306 0.0000000000
90390  -41.769  -83.196  -9.286 0.0000000000
90391  -42.415  -79.569  -7.910 0.0000000000
90392  -42.336  -80.516  -8.041 0.0000000000
90393  -42.624  -79.994  -8.441 0.0000000000
90394  -43.031  -80.419  -9.867 0.0000000000
90395  -42.756  -80.919  -9.504 0.0000000000
90396  -42.783  -81.329  -10.007 0.0000000000
90397  -42.368  -82.252  -10.055 0.0000000000
90398  -42.645  -81.838  -10.444 0.0000000000
90399  -42.389  -82.356  -10.855 0.0000000000
90400  -42.882  -81.477  -10.809 0.0000000000
90401  -43.621  -79.822  -11.120 0.0000000000
90402  -43.279  -80.770  -11.366 0.0000000000
90403  -43.456  -80.413  -11.611 0.0000000000
90404  -43.217  -81.088  -12.065 0.0000000000
90405  -43.603  -80.099  -11.751 0.0000000000
90427  -43.225  -72.326  -4.829 0.0000000000
90428  -43.657  -71.939  -5.017 0.0000000000
90447  -44.713  -71.935  -6.137 0.0000000000
90449  -44.549  -72.285  -5.877 0.0000000000
90450  -44.175  -72.670  -5.619 0.0000000000
90451  -44.310  -72.996  -5.999 0.0000000000
90452  -43.995  -73.750  -6.204 0.0000000000
90453  -44.423  -73.336  -6.469 0.0000000000
90454  -44.481  -73.808  -7.791 0.0000000000
90455  -44.428  -74.032  -7.511 0.0000000000
90456  -44.333  -74.398  -7.968 0.0000000000
90457  -44.103  -75.107  -8.247 0.0000000000
90458  -44.233  -74.818  -8.488 0.0000000000
90459  -43.182  -72.961  -8.211 0.0000000000
90460  -43.665  -73.128  -8.140 0.0000000000
90461  -43.550  -73.554  -8.564 0.0000000000
90462  -43.892  -75.251  -9.579 0.0000000000
90463  -43.934  -74.759  -9.205 0.0000000000
90464  -44.032  -75.481  -9.519 0.0000000000
90465  -44.065  -75.766  -9.407 0.0000000000
90466  -44.076  -76.285  -9.819 0.0000000000
90467  -44.016  -77.077  -10.114 0.0000000000
90468  -44.056  -76.839  -10.201 0.0000000000
90469  -43.715  -77.540  -11.241 0.0000000000
90470  -43.885  -77.761  -11.175 0.0000000000
90471  -43.686  -78.379  -11.668 0.0000000000
90472  -43.578  -79.285  -12.086 0.0000000000
90473  -43.372  -79.006  -12.219 0.0000000000
90474  -42.914  -79.522  -12.815 0.0000000000
90475  -42.964  -78.764  -12.342 0.0000000000
90476  -42.021  -77.609  -11.991 0.0000000000
90477  -42.123  -78.297  -12.467 0.0000000000
90478  -41.705  -77.983  -12.499 0.0000000000
90479  -41.410  -78.314  -12.944 0.0000000000
90480  -41.358  -77.654  -12.544 0.0000000000
90481  -41.180  -74.755  -10.330 0.0000000000
90482  -41.437  -75.454  -10.711 0.0000000000
90483  -41.031  -75.137  -10.745 0.0000000000
90484  -40.356  -75.367  -11.611 0.0000000000
90485  -40.675  -75.828  -11.629 0.0000000000
90486  -40.509  -76.091  -12.023 0.0000000000
90487  -40.653  -76.780  -12.467 0.0000000000
90488  -40.310  -76.265  -12.414 0.0000000000
90489  -40.145  -76.479  -12.768 0.0000000000
90490  -40.071  -75.721  -12.360 0.0000000000
90491  -39.908  -73.858  -12.158 0.0000000000
90492  -39.833  -74.614  -12.449 0.0000000000
90493  -39.917  -74.070  -12.591 0.0000000000
90494  -39.884  -74.310  -13.107 0.0000000000
90495  -40.065  -73.550  -12.804 0.0000000000
90516  -40.571  -71.671  -13.295 0.0000000000
90517  -40.491  -72.619  -13.478 0.0000000000
90518  -40.730  -72.100  -13.851 0.0000000000
90519  -40.710  -72.583  -14.435 0.0000000000
91240  -21.327  -77.559  -6.284 0.0000000000
91241  -20.907  -78.300  -6.574 0.0000000000
91242  -20.645  -77.983  -6.743 0.0000000000
91243  -19.358  -78.837  -8.297 0.0000000000
91244  -19.445  -79.027  -7.970 0.0000000000
92769  -39.914  -84.629  -13.948 0.0000000000
92770  -39.130  -85.073  -14.464 0.0000000000
92771  -39.967  -84.243  -14.221 0.0000000000
92772  -39.984  -83.806  -14.403 0.0000000000
92773  -39.931  -83.334  -14.503 0.0000000000
92774  -39.768  -82.852  -14.500 0.0000000000
92775  -40.635  -82.320  -14.101 0.0000000000
92776  -41.282  -81.295  -13.786 0.0000000000
92777  -41.734  -80.388  -13.575 0.0000000000
93849  -36.955  -89.250  -8.180 0.0000000000
93850  -36.425  -89.639  -8.458 0.0000000000
93851  -37.137  -89.017  -8.439 0.0000000000
93852  -37.338  -88.727  -8.692 0.0000000000
93853  -37.549  -88.356  -8.923 0.0000000000
93854  -37.787  -87.872  -9.177 0.0000000000
93855  -38.312  -87.634  -8.911 0.0000000000
93856  -39.052  -86.868  -8.814 0.0000000000
93857  -39.677  -86.181  -8.783 0.0000000000
94614  -28.535  -81.157  -10.414 0.0000000000
94615  -27.944  -81.186  -10.166 0.0000000000
94616  -28.908  -80.500  -10.030 0.0000000000
94617  -29.272  -79.831  -9.777 0.0000000000
94618  -29.401  -79.132  -9.610 0.0000000000
94619  -29.581  -70.165  -13.300 0.0000000000
94620  -29.462  -71.026  -12.477 0.0000000000
94621  -29.653  -70.310  -12.477 0.0000000000
94622  -29.862  -70.444  -11.688 0.0000000000
94623  -30.079  -70.487  -10.905 0.0000000000
94624  -30.273  -70.618  -10.108 0.0000000000
94625  -30.322  -69.733  -10.992 0.0000000000
95440  -27.920  -84.868  -15.513 0.0000000000
95441  -28.963  -84.371  -15.154 0.0000000000
95442  -38.381  -76.751  -14.348 0.0000000000
95443  -37.810  -76.901  -14.279 0.0000000000
95444  -38.359  -76.275  -14.599 0.0000000000
95445  -38.377  -75.833  -14.880 0.0000000000
95446  -38.373  -75.402  -15.178 0.0000000000
95447  -38.375  -74.991  -15.482 0.0000000000
95448  -39.015  -74.780  -15.453 0.0000000000
95449  -39.671  -74.124  -15.587 0.0000000000
95450  -40.275  -73.364  -15.576 0.0000000000
97561  -41.997  -75.389  -4.816 0.0000000000
97562  -41.706  -76.161  -4.805 0.0000000000
97563  -41.927  -75.681  -5.106 0.0000000000
97564  -41.946  -76.063  -5.420 0.0000000000
97565  -41.960  -76.495  -5.886 0.0000000000
97566  -42.069  -76.936  -6.383 0.0000000000
97567  -42.354  -76.039  -6.180 0.0000000000
97568  -42.808  -75.607  -6.439 0.0000000000
97569  -43.267  -75.250  -6.687 0.0000000000
97733  -21.118  -80.735  -6.562 0.0000000000
97734  -20.246  -81.073  -6.910 0.0000000000
97735  -20.540  -80.449  -6.600 0.0000000000
97736  -20.157  -80.079  -6.797 0.0000000000
97737  -19.899  -79.782  -6.983 0.0000000000
98176  -37.302  -88.690  -6.393 0.0000000000
98177  -38.056  -88.298  -6.207 0.0000000000
98934  -33.280  -74.350  -14.086 0.0000000000
98935  -32.614  -74.526  -13.760 0.0000000000
98936  -33.135  -73.762  -14.447 0.0000000000
98937  -33.037  -73.132  -14.717 0.0000000000
98938  -32.964  -72.481  -14.888 0.0000000000
99749  -35.949  -86.025  -16.068 0.0000000000
99750  -35.268  -86.702  -16.188 0.0000000000
99751  -35.190  -86.180  -16.328 0.0000000000
99752  -34.356  -86.389  -16.514 0.0000000000
99753  -33.443  -86.611  -16.616 0.0000000000
99754  -32.514  -86.846  -16.564 0.0000000000
99755  -33.331  -86.050  -16.569 0.0000000000
99756  -33.250  -85.486  -16.406 0.0000000000
99757  -33.130  -84.945  -16.188 0.0000000000
99758  -33.153  -84.429  -15.978 0.0000000000
99759  -33.897  -84.197  -15.845 0.0000000000
99760  -34.588  -83.622  -15.444 0.0000000000
99761  -35.387  -83.021  -15.100 0.0000000000
99762  -39.107  -80.758  -14.026 0.0000000000
99763  -38.406  -80.949  -14.235 0.0000000000
99764  -38.950  -80.252  -13.940 0.0000000000
99765  -38.771  -79.739  -13.897 0.0000000000
99766  -38.630  -79.197  -13.849 0.0000000000
99767  -38.534  -78.639  -13.841 0.0000000000
99768  -39.045  -78.446  -13.702 0.0000000000
99769  -39.412  -77.677  -13.566 0.0000000000
99770  -39.631  -76.831  -13.388 0.0000000000
102053  -24.214  -74.818  -4.699 0.0000000000
102054  -23.439  -75.199  -4.875 0.0000000000
102055  -23.783  -74.419  -4.685 0.0000000000
102056  -23.309  -74.082  -4.751 0.0000000000
102057  -22.811  -73.722  -4.925 0.0000000000
103002  -38.753  -86.489  -10.737 0.0000000000
103003  -38.105  -86.813  -11.223 0.0000000000
103004  -39.041  -86.302  -11.207 0.0000000000
103005  -39.284  -86.166  -11.621 0.0000000000
103006  -39.470  -86.016  -12.043 0.0000000000
103007  -39.620  -85.832  -12.462 0.0000000000
103008  -40.263  -85.223  -11.980 0.0000000000
103009  -40.915  -84.383  -11.893 0.0000000000
103010  -41.614  -83.454  -11.844 0.0000000000
105284  -25.872  -81.227  -8.857 0.0000000000
105285  -24.870  -81.574  -9.024 0.0000000000
105286  -25.314  -81.317  -8.494 0.0000000000
105287  -24.863  -81.288  -8.054 0.0000000000
105288  -24.178  -81.302  -7.664 0.0000000000
105289  -23.538  -81.249  -7.245 0.0000000000
105290  -24.540  -80.875  -7.180 0.0000000000
105291  -24.783  -80.354  -6.813 0.0000000000
105292  -25.084  -79.775  -6.509 0.0000000000
105293  -29.609  -75.615  -11.951 0.0000000000
105294  -29.579  -76.397  -10.908 0.0000000000
105295  -29.236  -75.878  -11.215 0.0000000000
105296  -29.057  -76.079  -10.571 0.0000000000
105297  -28.898  -76.251  -9.961 0.0000000000
105298  -28.952  -74.348  -9.196 0.0000000000
105299  -28.769  -75.088  -9.075 0.0000000000
105300  -28.628  -75.146  -8.364 0.0000000000
105301  -28.230  -76.000  -7.588 0.0000000000
105302  -27.727  -76.713  -6.913 0.0000000000
105303  -27.097  -77.487  -6.457 0.0000000000
105304  -27.376  -76.667  -6.405 0.0000000000
105305  -27.063  -76.545  -5.882 0.0000000000
105306  -26.672  -76.333  -5.475 0.0000000000
105307  -26.199  -76.110  -5.140 0.0000000000
105308  -27.015  -75.531  -5.394 0.0000000000
105309  -27.365  -74.747  -5.367 0.0000000000
105310  -27.655  -73.998  -5.350 0.0000000000
105311  -29.924  -70.415  -7.136 0.0000000000
105312  -29.482  -71.075  -6.431 0.0000000000
105313  -29.730  -70.188  -6.527 0.0000000000
105314  -29.471  -69.929  -6.006 0.0000000000
105315  -29.188  -69.623  -5.565 0.0000000000
105316  -28.806  -69.327  -5.219 0.0000000000
105317  -29.446  -68.771  -5.709 0.0000000000
105318  -29.722  -67.924  -5.873 0.0000000000
107754  -26.473  -83.673  -14.166 0.0000000000
107756  -26.708  -83.386  -13.882 0.0000000000
107757  -26.950  -83.165  -13.495 0.0000000000
107758  -27.173  -82.968  -12.983 0.0000000000
107759  -27.450  -82.680  -12.434 0.0000000000
107760  -28.295  -82.595  -12.538 0.0000000000
107761  -29.269  -82.119  -12.106 0.0000000000
107762  -30.167  -81.446  -11.692 0.0000000000
107763  -33.167  -82.476  -14.644 0.0000000000
107764  -32.423  -82.790  -14.594 0.0000000000
107765  -33.109  -82.131  -14.245 0.0000000000
107766  -33.146  -81.776  -13.816 0.0000000000
107767  -33.181  -81.362  -13.369 0.0000000000
107768  -35.495  -77.397  -12.946 0.0000000000
107769  -34.889  -78.358  -12.494 0.0000000000
107770  -34.931  -77.658  -12.434 0.0000000000
107771  -34.311  -77.984  -12.101 0.0000000000
107772  -33.711  -78.360  -11.734 0.0000000000
107773  -33.074  -78.780  -11.427 0.0000000000
107774  -33.764  -77.701  -11.792 0.0000000000
107775  -33.818  -77.077  -11.974 0.0000000000
107776  -33.866  -76.486  -12.231 0.0000000000
107777  -33.854  -76.008  -12.534 0.0000000000
107778  -34.465  -75.753  -12.934 0.0000000000
107779  -34.996  -75.117  -13.608 0.0000000000
107780  -35.533  -74.660  -14.370 0.0000000000
107781  -38.869  -73.220  -16.550 0.0000000000
107782  -38.298  -73.272  -16.429 0.0000000000
107783  -39.105  -72.552  -16.703 0.0000000000
114126  -41.098  -79.625  -5.085 0.0000000000
114127  -41.109  -79.989  -4.662 0.0000000000
114128  -41.134  -80.508  -5.186 0.0000000000
114129  -41.231  -81.372  -5.324 0.0000000000
114130  -41.212  -82.073  -5.485 0.0000000000
114131  -41.009  -82.807  -5.663 0.0000000000
114132  -41.111  -82.559  -6.048 0.0000000000
114133  -41.049  -83.085  -6.564 0.0000000000
114134  -41.002  -83.575  -7.036 0.0000000000
114135  -40.929  -84.019  -7.575 0.0000000000
114136  -41.278  -83.225  -7.439 0.0000000000
114137  -41.578  -82.851  -7.888 0.0000000000
114138  -41.903  -82.414  -8.328 0.0000000000
114139  -43.003  -78.479  -8.628 0.0000000000
114140  -42.883  -79.463  -8.820 0.0000000000
114141  -43.097  -78.965  -9.170 0.0000000000
114142  -43.201  -79.478  -9.656 0.0000000000
114143  -43.259  -80.034  -10.179 0.0000000000
114144  -43.197  -80.568  -10.658 0.0000000000
114145  -43.472  -79.647  -10.429 0.0000000000
114146  -43.660  -79.255  -10.642 0.0000000000
114147  -43.788  -78.906  -10.798 0.0000000000
114174  -44.616  -71.604  -6.366 0.0000000000
114175  -44.671  -72.306  -6.542 0.0000000000
114176  -44.601  -72.995  -6.755 0.0000000000
114177  -44.600  -72.655  -6.971 0.0000000000
114178  -44.672  -73.044  -7.418 0.0000000000
114179  -44.337  -73.566  -7.969 0.0000000000
114180  -43.084  -73.863  -8.980 0.0000000000
114181  -43.519  -73.957  -8.933 0.0000000000
114182  -43.362  -74.452  -9.259 0.0000000000
114183  -43.621  -75.059  -9.604 0.0000000000
114184  -43.848  -75.778  -9.977 0.0000000000
114185  -43.992  -76.569  -10.329 0.0000000000
114186  -43.708  -76.303  -10.439 0.0000000000
114187  -43.557  -76.863  -10.862 0.0000000000
114188  -43.309  -77.438  -11.371 0.0000000000
114189  -42.958  -78.032  -11.873 0.0000000000
114190  -42.828  -77.325  -11.447 0.0000000000
114191  -42.308  -77.175  -11.457 0.0000000000
114192  -41.887  -76.905  -11.520 0.0000000000
114193  -40.447  -73.968  -10.439 0.0000000000
114194  -40.651  -74.726  -10.797 0.0000000000
114195  -40.332  -74.290  -10.838 0.0000000000
114196  -40.218  -74.633  -11.237 0.0000000000
114197  -40.101  -74.856  -11.612 0.0000000000
114198  -39.990  -74.988  -11.977 0.0000000000
114199  -39.938  -74.261  -11.646 0.0000000000
114200  -39.907  -73.651  -11.733 0.0000000000
114201  -39.961  -73.046  -11.915 0.0000000000
114649  -20.759  -77.159  -6.719 0.0000000000
114650  -20.482  -77.851  -7.062 0.0000000000
114651  -20.252  -77.538  -7.279 0.0000000000
114652  -19.680  -78.110  -7.972 0.0000000000
115989  -36.152  -71.535  -16.090 0.0000000000
115990  -35.353  -71.532  -15.786 0.0000000000
116619  -36.846  -87.332  -14.476 0.0000000000
116620  -36.083  -87.731  -14.963 0.0000000000
116621  -36.850  -86.978  -14.869 0.0000000000
116622  -36.829  -86.624  -15.209 0.0000000000
116623  -36.787  -86.262  -15.499 0.0000000000
116624  -38.440  -85.373  -14.937 0.0000000000
116625  -37.590  -85.608  -15.303 0.0000000000
116626  -36.745  -85.839  -15.669 0.0000000000
116627  -36.667  -85.356  -15.745 0.0000000000
116628  -36.569  -84.821  -15.706 0.0000000000
116629  -36.489  -84.269  -15.535 0.0000000000
116630  -36.327  -83.777  -15.370 0.0000000000
116631  -37.157  -83.545  -15.152 0.0000000000
116632  -37.936  -82.762  -14.925 0.0000000000
116633  -38.628  -81.981  -14.537 0.0000000000
116634  -39.593  -82.318  -14.387 0.0000000000
116635  -39.429  -81.770  -14.248 0.0000000000
116636  -39.251  -81.249  -14.146 0.0000000000
116637  -39.764  -80.505  -13.854 0.0000000000
116638  -40.152  -79.677  -13.714 0.0000000000
116639  -40.476  -78.859  -13.569 0.0000000000
118415  -25.677  -71.349  -4.387 0.0000000000
118416  -24.883  -71.815  -4.468 0.0000000000
118417  -25.215  -70.965  -4.451 0.0000000000
119151  -35.761  -88.568  -10.123 0.0000000000
119152  -36.668  -87.901  -10.207 0.0000000000
119153  -37.549  -87.192  -10.279 0.0000000000
119154  -38.037  -87.353  -9.473 0.0000000000
119155  -38.224  -86.998  -9.893 0.0000000000
119156  -38.477  -86.721  -10.305 0.0000000000
119157  -39.362  -86.099  -10.321 0.0000000000
119158  -40.047  -85.601  -10.274 0.0000000000
119159  -40.786  -84.881  -10.137 0.0000000000
120924  -24.578  -82.854  -11.649 0.0000000000
120925  -24.019  -82.849  -11.216 0.0000000000
120926  -24.979  -82.425  -10.964 0.0000000000
120927  -25.470  -82.039  -10.399 0.0000000000
120928  -25.995  -81.655  -9.781 0.0000000000
120929  -27.485  -81.269  -9.929 0.0000000000
120930  -26.916  -81.265  -9.625 0.0000000000
120931  -26.402  -81.249  -9.242 0.0000000000
120932  -26.832  -80.850  -8.782 0.0000000000
120933  -27.220  -80.453  -8.415 0.0000000000
120934  -27.580  -79.902  -8.067 0.0000000000
120935  -29.360  -72.994  -12.937 0.0000000000
120936  -29.181  -73.918  -12.007 0.0000000000
120937  -29.179  -73.202  -12.241 0.0000000000
120938  -29.142  -73.326  -11.471 0.0000000000
120939  -29.158  -73.442  -10.700 0.0000000000
120940  -29.436  -71.882  -11.597 0.0000000000
120941  -29.328  -72.699  -10.819 0.0000000000
120942  -29.163  -73.555  -9.914 0.0000000000
120943  -29.155  -73.609  -9.212 0.0000000000
120944  -29.175  -73.591  -8.467 0.0000000000
120945  -29.102  -73.643  -7.751 0.0000000000
120946  -28.954  -73.697  -7.054 0.0000000000
120947  -29.420  -72.941  -7.763 0.0000000000
120948  -29.717  -72.181  -7.814 0.0000000000
120949  -29.947  -71.411  -7.833 0.0000000000
120950  -30.310  -70.647  -9.394 0.0000000000
120951  -30.265  -70.668  -8.642 0.0000000000
120952  -30.141  -70.626  -7.878 0.0000000000
120953  -30.302  -69.747  -7.924 0.0000000000
120954  -30.438  -68.920  -7.999 0.0000000000
122853  -27.372  -83.706  -14.174 0.0000000000
122854  -28.458  -83.398  -13.893 0.0000000000
122855  -29.544  -83.001  -13.613 0.0000000000
122856  -35.992  -79.728  -13.718 0.0000000000
122857  -35.311  -79.949  -13.502 0.0000000000
122858  -35.992  -79.127  -13.452 0.0000000000
122859  -36.033  -78.496  -13.273 0.0000000000
122860  -36.061  -77.861  -13.285 0.0000000000
122861  -37.205  -76.955  -14.042 0.0000000000
122862  -36.633  -76.997  -13.791 0.0000000000
122863  -36.074  -77.201  -13.369 0.0000000000
122864  -36.047  -76.541  -13.479 0.0000000000
122865  -36.025  -76.010  -13.651 0.0000000000
122866  -36.057  -75.590  -13.855 0.0000000000
122867  -36.116  -75.237  -14.096 0.0000000000
122868  -36.707  -75.158  -14.591 0.0000000000
122869  -37.297  -74.696  -15.301 0.0000000000
122870  -37.955  -74.299  -15.910 0.0000000000
122871  -38.438  -74.577  -15.787 0.0000000000
122872  -38.537  -74.142  -16.112 0.0000000000
122873  -38.672  -73.693  -16.386 0.0000000000
122874  -39.533  -72.929  -16.606 0.0000000000
122875  -40.352  -72.084  -16.659 0.0000000000
127803  -41.461  -77.426  -3.864 0.0000000000
127804  -41.361  -77.870  -4.216 0.0000000000
127805  -41.286  -78.302  -4.566 0.0000000000
127806  -41.550  -77.015  -4.827 0.0000000000
127807  -41.399  -77.932  -4.886 0.0000000000
127808  -41.203  -78.783  -4.976 0.0000000000
127809  -41.229  -79.301  -5.486 0.0000000000
127810  -41.347  -79.784  -6.035 0.0000000000
127811  -41.499  -80.245  -6.599 0.0000000000
127812  -41.784  -80.598  -7.124 0.0000000000
127813  -41.784  -79.737  -6.954 0.0000000000
127814  -42.106  -79.198  -7.332 0.0000000000
127815  -42.461  -78.607  -7.725 0.0000000000
127816  -42.280  -77.370  -6.937 0.0000000000
127817  -42.541  -77.674  -7.480 0.0000000000
127818  -42.793  -78.039  -8.033 0.0000000000
127819  -43.143  -77.566  -8.358 0.0000000000
127820  -43.497  -77.125  -8.684 0.0000000000
127821  -43.818  -76.694  -8.986 0.0000000000
127847  -42.702  -72.807  -8.276 0.0000000000
127849  -42.215  -72.644  -8.341 0.0000000000
127850  -42.679  -73.283  -8.654 0.0000000000
127851  -42.605  -73.734  -9.019 0.0000000000
127852  -42.380  -74.142  -9.402 0.0000000000
127853  -42.200  -74.649  -9.816 0.0000000000
127854  -42.023  -75.199  -10.250 0.0000000000
127855  -41.785  -74.492  -9.886 0.0000000000
127856  -41.381  -74.271  -9.953 0.0000000000
127857  -40.950  -73.990  -9.993 0.0000000000
127860  -40.567  -73.601  -10.049 0.0000000000
127861  -40.237  -73.130  -10.113 0.0000000000
127862  -40.007  -72.621  -10.181 0.0000000000
129177  -36.243  -89.370  -7.300 0.0000000000
129178  -36.510  -89.453  -7.604 0.0000000000
129179  -36.774  -89.416  -7.917 0.0000000000
129180  -37.436  -88.864  -7.916 0.0000000000
129181  -38.150  -88.151  -7.817 0.0000000000
129182  -38.757  -87.499  -7.714 0.0000000000
130779  -31.358  -77.509  -11.025 0.0000000000
130780  -30.833  -77.811  -10.687 0.0000000000
130781  -31.227  -76.882  -11.352 0.0000000000
130782  -30.962  -76.285  -11.742 0.0000000000
130783  -30.606  -75.767  -12.192 0.0000000000
130784  -31.906  -74.715  -13.449 0.0000000000
130785  -31.063  -74.937  -13.090 0.0000000000
130786  -30.241  -75.281  -12.590 0.0000000000
130787  -29.930  -74.789  -12.947 0.0000000000
130788  -29.809  -74.154  -13.181 0.0000000000
130789  -29.782  -73.455  -13.377 0.0000000000
130790  -34.542  -71.538  -15.497 0.0000000000
130791  -33.756  -71.641  -15.216 0.0000000000
130792  -32.928  -71.816  -14.973 0.0000000000
130793  -33.793  -70.191  -15.222 0.0000000000
130794  -32.951  -71.113  -15.052 0.0000000000
130795  -32.101  -71.955  -14.792 0.0000000000
130796  -31.279  -72.239  -14.517 0.0000000000
130797  -30.456  -72.436  -14.181 0.0000000000
130798  -29.760  -72.750  -13.592 0.0000000000
130799  -29.766  -72.116  -13.794 0.0000000000
130800  -29.690  -71.411  -13.987 0.0000000000
130801  -29.739  -70.712  -14.037 0.0000000000
130804  -29.875  -70.014  -14.019 0.0000000000
132500  -35.352  -88.054  -15.405 0.0000000000
132501  -34.528  -88.356  -15.751 0.0000000000
132503  -34.546  -87.447  -16.207 0.0000000000
132504  -33.696  -88.146  -16.198 0.0000000000
132512  -31.546  -87.042  -16.409 0.0000000000
132518  -29.653  -85.233  -16.165 0.0000000000
132519  -30.618  -85.113  -16.253 0.0000000000
132520  -31.535  -84.410  -15.835 0.0000000000
132521  -32.445  -83.648  -15.447 0.0000000000
132522  -33.152  -83.913  -15.693 0.0000000000
132523  -33.128  -83.411  -15.330 0.0000000000
132524  -33.197  -82.886  -15.009 0.0000000000
132525  -33.857  -82.239  -14.643 0.0000000000
132526  -34.543  -81.607  -14.469 0.0000000000
132527  -35.264  -80.951  -14.275 0.0000000000
132528  -36.226  -83.245  -15.152 0.0000000000
132529  -36.159  -82.685  -14.930 0.0000000000
132530  -36.110  -82.130  -14.775 0.0000000000
132531  -37.606  -81.171  -14.420 0.0000000000
132532  -36.821  -81.372  -14.599 0.0000000000
132533  -36.114  -81.652  -14.705 0.0000000000
132534  -36.087  -81.179  -14.571 0.0000000000
132535  -36.027  -80.712  -14.341 0.0000000000
132536  -36.009  -80.260  -14.014 0.0000000000
132537  -36.665  -79.445  -13.847 0.0000000000
132538  -37.259  -78.609  -13.832 0.0000000000
132539  -37.875  -77.868  -13.958 0.0000000000
132540  -38.473  -78.102  -13.867 0.0000000000
132541  -38.434  -77.639  -13.944 0.0000000000
132542  -38.403  -77.203  -14.125 0.0000000000
132543  -38.848  -76.520  -14.216 0.0000000000
132544  -39.317  -75.735  -14.209 0.0000000000
132545  -39.699  -74.891  -14.109 0.0000000000
137013  -41.756  -75.448  -4.271 0.0000000000
137015  -41.813  -74.660  -4.234 0.0000000000
137016  -41.950  -75.030  -4.521 0.0000000000
137017  -42.187  -74.614  -4.747 0.0000000000
137018  -42.447  -74.225  -4.946 0.0000000000
137019  -42.791  -73.886  -5.070 0.0000000000
137363  -22.814  -77.895  -5.532 0.0000000000
137364  -21.972  -78.240  -5.819 0.0000000000
137365  -22.406  -77.517  -5.638 0.0000000000
137366  -22.017  -77.141  -5.812 0.0000000000
137367  -21.665  -76.862  -5.928 0.0000000000
137368  -22.667  -75.691  -5.195 0.0000000000
137369  -21.953  -76.192  -5.602 0.0000000000
137370  -21.331  -76.674  -6.152 0.0000000000
137371  -20.942  -76.382  -6.310 0.0000000000
137372  -20.620  -76.105  -6.571 0.0000000000
137373  -20.319  -75.801  -6.859 0.0000000000
137374  -23.999  -72.386  -4.632 0.0000000000
137375  -23.221  -72.820  -4.861 0.0000000000
137376  -22.462  -73.279  -5.210 0.0000000000
139310  -35.834  -88.289  -14.129 0.0000000000
139314  -37.418  -87.219  -11.735 0.0000000000
139315  -36.748  -87.668  -12.250 0.0000000000
139316  -36.089  -88.111  -12.720 0.0000000000
139317  -36.322  -87.993  -13.192 0.0000000000
139318  -36.565  -87.811  -13.635 0.0000000000
139319  -36.761  -87.591  -14.063 0.0000000000
139320  -37.592  -86.921  -14.008 0.0000000000
139321  -38.342  -86.328  -13.945 0.0000000000
139322  -39.174  -85.727  -13.790 0.0000000000
139323  -39.828  -85.541  -12.851 0.0000000000
139324  -39.875  -85.275  -13.213 0.0000000000
139325  -39.883  -84.981  -13.568 0.0000000000
139326  -40.650  -84.100  -13.439 0.0000000000
139327  -41.435  -83.194  -13.194 0.0000000000
139328  -42.229  -82.179  -13.043 0.0000000000
143960  -23.643  -82.809  -10.763 0.0000000000
143961  -23.243  -82.881  -10.353 0.0000000000
143963  -23.964  -81.992  -9.150 0.0000000000
143964  -23.163  -82.460  -9.226 0.0000000000
143970  -21.185  -82.121  -7.156 0.0000000000
143971  -21.431  -81.571  -6.813 0.0000000000
143972  -22.964  -81.253  -6.869 0.0000000000
143973  -22.307  -81.188  -6.594 0.0000000000
143974  -21.731  -80.949  -6.434 0.0000000000
143975  -22.038  -80.327  -6.189 0.0000000000
143976  -22.374  -79.658  -5.932 0.0000000000
143977  -22.747  -78.971  -5.691 0.0000000000
143978  -30.328  -78.065  -10.297 0.0000000000
143979  -29.895  -78.284  -9.909 0.0000000000
143980  -29.453  -78.510  -9.545 0.0000000000
143981  -29.477  -77.110  -10.116 0.0000000000
143982  -29.351  -77.944  -9.549 0.0000000000
143983  -29.078  -78.772  -9.120 0.0000000000
143984  -28.769  -78.970  -8.718 0.0000000000
143985  -28.341  -79.189  -8.242 0.0000000000
143986  -27.780  -79.360  -7.775 0.0000000000
143987  -28.955  -74.834  -11.073 0.0000000000
143988  -28.794  -75.686  -10.193 0.0000000000
143989  -28.738  -76.482  -9.339 0.0000000000
143990  -28.651  -75.890  -8.901 0.0000000000
143991  -28.649  -76.613  -8.687 0.0000000000
143992  -28.682  -77.268  -8.530 0.0000000000
143993  -28.448  -78.081  -7.896 0.0000000000
143994  -27.923  -78.788  -7.553 0.0000000000
143995  -27.295  -79.383  -7.331 0.0000000000
143996  -26.702  -79.419  -6.927 0.0000000000
143997  -25.923  -79.302  -6.568 0.0000000000
143998  -25.364  -79.187  -6.246 0.0000000000
143999  -26.460  -78.015  -6.117 0.0000000000
144000  -25.623  -78.618  -6.012 0.0000000000
144001  -24.734  -79.107  -5.976 0.0000000000
144002  -24.190  -78.901  -5.701 0.0000000000
144003  -23.656  -78.622  -5.499 0.0000000000
144004  -23.148  -78.264  -5.498 0.0000000000
144005  -23.585  -77.516  -5.240 0.0000000000
144006  -24.025  -76.741  -5.020 0.0000000000
144007  -24.399  -75.960  -4.829 0.0000000000
144008  -25.698  -75.882  -4.935 0.0000000000
144009  -25.324  -75.477  -4.807 0.0000000000
144010  -24.779  -75.124  -4.713 0.0000000000
144011  -25.086  -74.281  -4.612 0.0000000000
144012  -25.449  -73.443  -4.496 0.0000000000
144013  -25.831  -72.541  -4.430 0.0000000000
144014  -28.719  -73.553  -6.404 0.0000000000
144015  -28.399  -73.395  -5.813 0.0000000000
144016  -27.963  -73.082  -5.359 0.0000000000
144017  -28.943  -71.626  -5.806 0.0000000000
144018  -28.250  -72.203  -5.319 0.0000000000
144019  -27.515  -72.756  -4.944 0.0000000000
144020  -27.059  -72.397  -4.642 0.0000000000
144021  -26.611  -72.029  -4.479 0.0000000000
144022  -26.221  -71.706  -4.411 0.0000000000
144023  -26.478  -70.867  -4.414 0.0000000000
148943  -24.268  -83.229  -12.164 0.0000000000
148944  -25.173  -82.791  -12.035 0.0000000000
148945  -26.206  -82.440  -11.707 0.0000000000
148946  -27.289  -82.142  -11.238 0.0000000000
148947  -27.716  -82.388  -11.893 0.0000000000
148948  -27.952  -82.084  -11.387 0.0000000000
148949  -28.242  -81.676  -10.849 0.0000000000
148950  -29.175  -81.005  -10.550 0.0000000000
148951  -30.112  -80.132  -10.445 0.0000000000
148952  -30.732  -79.114  -10.594 0.0000000000
148953  -29.719  -84.759  -15.792 0.0000000000
148954  -29.843  -84.366  -15.224 0.0000000000
148955  -29.955  -83.965  -14.782 0.0000000000
148956  -31.632  -83.104  -14.587 0.0000000000
148957  -30.842  -83.375  -14.497 0.0000000000
148958  -30.049  -83.598  -14.374 0.0000000000
148959  -30.163  -83.277  -14.005 0.0000000000
148960  -30.235  -82.879  -13.659 0.0000000000
148961  -30.336  -82.480  -13.262 0.0000000000
148962  -34.603  -80.242  -13.268 0.0000000000
148963  -33.953  -80.501  -13.054 0.0000000000
148964  -33.263  -80.882  -12.948 0.0000000000
148965  -34.186  -79.299  -12.382 0.0000000000
148966  -33.404  -80.300  -12.556 0.0000000000
148967  -32.543  -81.223  -12.827 0.0000000000
148968  -31.863  -81.494  -12.766 0.0000000000
148969  -31.241  -81.834  -12.664 0.0000000000
148970  -30.487  -82.067  -12.799 0.0000000000
148971  -30.696  -81.572  -12.244 0.0000000000
148972  -30.879  -81.078  -11.752 0.0000000000
148973  -31.027  -80.571  -11.299 0.0000000000
148974  -32.474  -79.126  -11.185 0.0000000000
148975  -31.847  -79.526  -11.039 0.0000000000
148976  -31.174  -80.002  -10.934 0.0000000000
148977  -31.300  -79.364  -10.795 0.0000000000
148978  -31.386  -78.700  -10.762 0.0000000000
148979  -31.434  -78.027  -10.796 0.0000000000
148980  -31.979  -77.063  -11.405 0.0000000000
148981  -32.539  -76.199  -12.130 0.0000000000
148982  -33.028  -75.454  -12.924 0.0000000000
148983  -33.729  -75.599  -12.896 0.0000000000
148984  -33.588  -75.184  -13.297 0.0000000000
148985  -33.439  -74.756  -13.721 0.0000000000
148986  -33.934  -74.153  -14.389 0.0000000000
148987  -34.579  -73.486  -15.024 0.0000000000
148988  -35.363  -72.715  -15.544 0.0000000000
148989  -36.127  -74.856  -14.481 0.0000000000
148990  -36.161  -74.518  -14.815 0.0000000000
148991  -36.191  -74.140  -15.143 0.0000000000
148992  -37.594  -73.479  -16.148 0.0000000000
148993  -36.849  -73.579  -15.811 0.0000000000
148994  -36.163  -73.684  -15.438 0.0000000000
148995  -36.116  -73.198  -15.673 0.0000000000
148996  -36.066  -72.698  -15.867 0.0000000000
148997  -36.047  -72.175  -16.007 0.0000000000
161676  -38.632  -87.778  -5.948 0.0000000000
161678  -39.123  -87.128  -5.753 0.0000000000
161679  -38.739  -87.593  -6.358 0.0000000000
161680  -38.849  -87.380  -6.752 0.0000000000
161681  -38.998  -87.128  -7.119 0.0000000000
161682  -39.184  -86.876  -7.486 0.0000000000
161695  -41.194  -80.347  -4.235 0.0000000000
161703  -40.128  -84.683  -5.604 0.0000000000
161704  -40.669  -83.576  -5.815 0.0000000000
161705  -40.234  -84.406  -5.948 0.0000000000
161706  -39.820  -85.287  -6.099 0.0000000000
161707  -39.612  -85.755  -6.643 0.0000000000
161708  -39.565  -86.170  -7.231 0.0000000000
161709  -39.406  -86.591  -7.801 0.0000000000
161710  -39.664  -86.267  -8.037 0.0000000000
161711  -39.923  -85.929  -8.330 0.0000000000
161712  -40.217  -85.586  -8.655 0.0000000000
161713  -40.923  -84.444  -8.059 0.0000000000
161714  -40.743  -84.874  -8.508 0.0000000000
161715  -40.536  -85.228  -9.013 0.0000000000
161716  -40.833  -84.825  -9.393 0.0000000000
161717  -41.091  -84.452  -9.708 0.0000000000
161718  -41.335  -84.079  -10.060 0.0000000000
161719  -42.020  -81.050  -7.637 0.0000000000
161720  -42.172  -81.467  -8.186 0.0000000000
161721  -42.269  -81.879  -8.739 0.0000000000
161722  -42.722  -80.454  -8.944 0.0000000000
161723  -42.501  -81.405  -9.127 0.0000000000
161724  -42.184  -82.340  -9.261 0.0000000000
161725  -42.055  -82.724  -9.660 0.0000000000
161726  -41.863  -83.181  -10.073 0.0000000000
161727  -41.587  -83.674  -10.513 0.0000000000
161728  -41.795  -83.285  -10.920 0.0000000000
161729  -42.018  -82.930  -11.321 0.0000000000
161730  -42.255  -82.616  -11.710 0.0000000000
161731  -43.088  -81.129  -11.084 0.0000000000
161732  -42.827  -81.725  -11.568 0.0000000000
161733  -42.412  -82.337  -12.024 0.0000000000
161734  -42.611  -82.027  -12.310 0.0000000000
161735  -42.807  -81.678  -12.563 0.0000000000
161736  -42.922  -81.242  -12.759 0.0000000000
161760  -42.713  -72.434  -4.356 0.0000000000
161761  -42.858  -72.761  -4.631 0.0000000000
161762  -43.041  -73.063  -4.921 0.0000000000
161763  -43.228  -73.450  -5.197 0.0000000000
161788  -43.923  -72.300  -5.289 0.0000000000
161789  -43.716  -72.968  -5.376 0.0000000000
161790  -43.342  -73.827  -5.622 0.0000000000
161791  -43.506  -74.204  -6.003 0.0000000000
161792  -43.631  -74.533  -6.466 0.0000000000
161793  -43.680  -74.871  -6.946 0.0000000000
161794  -44.434  -73.682  -6.968 0.0000000000
161795  -44.077  -74.464  -7.226 0.0000000000
161796  -43.720  -75.139  -7.407 0.0000000000
161797  -43.841  -75.451  -8.008 0.0000000000
161798  -43.963  -75.841  -8.595 0.0000000000
161799  -43.985  -76.373  -9.166 0.0000000000
161800  -43.771  -72.622  -7.679 0.0000000000
161801  -44.036  -73.328  -8.087 0.0000000000
161802  -44.177  -74.000  -8.486 0.0000000000
161803  -43.784  -74.155  -8.883 0.0000000000
161804  -44.016  -74.376  -8.830 0.0000000000
161805  -44.184  -74.610  -8.716 0.0000000000
161806  -44.118  -75.296  -8.986 0.0000000000
161807  -44.062  -76.072  -9.305 0.0000000000
161808  -43.986  -76.858  -9.590 0.0000000000
161809  -43.948  -77.355  -10.026 0.0000000000
161810  -43.881  -78.000  -10.395 0.0000000000
161811  -43.873  -78.434  -10.919 0.0000000000
161812  -44.000  -77.281  -10.657 0.0000000000
161813  -43.914  -78.055  -11.045 0.0000000000
161814  -43.818  -79.008  -11.374 0.0000000000
161815  -43.650  -79.656  -11.931 0.0000000000
161816  -43.381  -80.230  -12.453 0.0000000000
161817  -42.851  -80.759  -12.976 0.0000000000
161818  -42.682  -80.324  -13.150 0.0000000000
161819  -42.429  -79.925  -13.279 0.0000000000
161820  -42.046  -79.638  -13.345 0.0000000000
161821  -42.545  -78.539  -12.414 0.0000000000
161822  -42.143  -78.941  -12.975 0.0000000000
161823  -41.683  -79.316  -13.349 0.0000000000
161824  -41.334  -78.977  -13.325 0.0000000000
161825  -41.017  -78.584  -13.325 0.0000000000
161826  -40.720  -78.161  -13.279 0.0000000000
161827  -41.870  -75.690  -10.679 0.0000000000
161828  -41.690  -76.188  -11.119 0.0000000000
161829  -41.453  -76.588  -11.577 0.0000000000
161830  -40.855  -75.471  -11.180 0.0000000000
161831  -41.024  -76.224  -11.618 0.0000000000
161832  -41.216  -76.970  -12.113 0.0000000000
161833  -41.009  -77.251  -12.534 0.0000000000
161834  -40.755  -77.489  -12.898 0.0000000000
161835  -40.440  -77.702  -13.215 0.0000000000
161836  -40.195  -77.185  -13.136 0.0000000000
161837  -39.934  -76.627  -13.096 0.0000000000
161838  -39.761  -76.085  -13.108 0.0000000000
161839  -39.912  -75.181  -12.349 0.0000000000
161840  -39.819  -75.378  -12.774 0.0000000000
161841  -39.684  -75.564  -13.178 0.0000000000
161842  -39.739  -75.055  -13.379 0.0000000000
161843  -39.864  -74.584  -13.607 0.0000000000
161844  -40.025  -74.157  -13.873 0.0000000000
161865  -40.098  -72.443  -12.190 0.0000000000
161868  -40.177  -72.740  -12.648 0.0000000000
161869  -40.250  -73.069  -13.114 0.0000000000
161870  -40.250  -73.448  -13.676 0.0000000000
161871  -40.185  -73.790  -14.233 0.0000000000
161872  -40.356  -73.403  -14.642 0.0000000000
161873  -40.565  -72.975  -15.058 0.0000000000
161874  -40.824  -72.497  -15.464 0.0000000000
162736  -21.103  -78.622  -6.290 0.0000000000
162737  -20.319  -79.044  -6.831 0.0000000000
162738  -19.716  -79.493  -7.303 0.0000000000
162739  -20.053  -78.478  -7.325 0.0000000000
162740  -19.569  -79.214  -7.629 0.0000000000
