#!ascii label  , from subject  vox2ras=tkReg 
61
114183  -45.383  -72.851  -12.488 1.0000000000
22475  -43.733  -74.580  -9.204 0.0000000000
22476  -43.491  -75.591  -10.057 0.0000000000
53195  -43.208  -74.903  -9.608 0.0000000000
90462  -43.892  -75.251  -9.579 0.0000000000
114182  -43.362  -74.452  -9.259 0.0000000000
114184  -43.848  -75.778  -9.977 0.0000000000
10016  -44.018  -76.026  -9.915 0.0000000000
22474  -42.885  -74.313  -9.339 0.0000000000
53194  -42.666  -74.776  -9.725 0.0000000000
53196  -43.000  -75.437  -10.113 0.0000000000
53197  -43.294  -76.112  -10.524 0.0000000000
90463  -43.934  -74.759  -9.205 0.0000000000
90464  -44.032  -75.481  -9.519 0.0000000000
114180  -43.084  -73.863  -8.980 0.0000000000
114181  -43.519  -73.957  -8.933 0.0000000000
114185  -43.992  -76.569  -10.329 0.0000000000
114186  -43.708  -76.303  -10.439 0.0000000000
161803  -43.784  -74.155  -8.883 0.0000000000
2487  -42.490  -75.307  -10.177 0.0000000000
5572  -43.129  -73.383  -8.622 0.0000000000
22477  -43.846  -77.038  -10.780 0.0000000000
22478  -43.059  -76.723  -10.941 0.0000000000
40282  -43.898  -73.769  -8.509 0.0000000000
40283  -44.059  -75.018  -9.109 0.0000000000
53198  -42.802  -76.006  -10.582 0.0000000000
90461  -43.550  -73.554  -8.564 0.0000000000
90465  -44.065  -75.766  -9.407 0.0000000000
90466  -44.076  -76.285  -9.819 0.0000000000
90468  -44.056  -76.839  -10.201 0.0000000000
114187  -43.557  -76.863  -10.862 0.0000000000
127850  -42.679  -73.283  -8.654 0.0000000000
127851  -42.605  -73.734  -9.019 0.0000000000
127852  -42.380  -74.142  -9.402 0.0000000000
127853  -42.200  -74.649  -9.816 0.0000000000
161804  -44.016  -74.376  -8.830 0.0000000000
161812  -44.000  -77.281  -10.657 0.0000000000
28462  -42.183  -73.104  -8.693 0.0000000000
28463  -41.952  -74.015  -9.477 0.0000000000
40284  -44.049  -76.561  -9.702 0.0000000000
40285  -44.035  -77.598  -10.494 0.0000000000
53199  -42.592  -76.599  -11.001 0.0000000000
53200  -42.315  -75.881  -10.644 0.0000000000
62797  -42.093  -73.562  -9.075 0.0000000000
90459  -43.182  -72.961  -8.211 0.0000000000
90460  -43.665  -73.128  -8.140 0.0000000000
90467  -44.016  -77.077  -10.114 0.0000000000
90469  -43.715  -77.540  -11.241 0.0000000000
90470  -43.885  -77.761  -11.175 0.0000000000
114188  -43.309  -77.438  -11.371 0.0000000000
114190  -42.828  -77.325  -11.447 0.0000000000
127847  -42.702  -72.807  -8.276 0.0000000000
127849  -42.215  -72.644  -8.341 0.0000000000
127854  -42.023  -75.199  -10.250 0.0000000000
127855  -41.785  -74.492  -9.886 0.0000000000
161801  -44.036  -73.328  -8.087 0.0000000000
161802  -44.177  -74.000  -8.486 0.0000000000
161805  -44.184  -74.610  -8.716 0.0000000000
161806  -44.118  -75.296  -8.986 0.0000000000
161807  -44.062  -76.072  -9.305 0.0000000000
161813  -43.914  -78.055  -11.045 0.0000000000
