#!ascii label  , from subject  vox2ras=
217
114183  -45.383  -72.851  -12.488 1.0000000000
22475  -43.733  -74.580  -9.204 0.0000000000
22476  -43.491  -75.591  -10.057 0.0000000000
53195  -43.208  -74.903  -9.608 0.0000000000
90462  -43.892  -75.251  -9.579 0.0000000000
114182  -43.362  -74.452  -9.259 0.0000000000
114184  -43.848  -75.778  -9.977 0.0000000000
10016  -44.018  -76.026  -9.915 0.0000000000
22474  -42.885  -74.313  -9.339 0.0000000000
53194  -42.666  -74.776  -9.725 0.0000000000
53196  -43.000  -75.437  -10.113 0.0000000000
53197  -43.294  -76.112  -10.524 0.0000000000
90463  -43.934  -74.759  -9.205 0.0000000000
90464  -44.032  -75.481  -9.519 0.0000000000
114180  -43.084  -73.863  -8.980 0.0000000000
114181  -43.519  -73.957  -8.933 0.0000000000
114185  -43.992  -76.569  -10.329 0.0000000000
114186  -43.708  -76.303  -10.439 0.0000000000
161803  -43.784  -74.155  -8.883 0.0000000000
2487  -42.490  -75.307  -10.177 0.0000000000
5572  -43.129  -73.383  -8.622 0.0000000000
22477  -43.846  -77.038  -10.780 0.0000000000
22478  -43.059  -76.723  -10.941 0.0000000000
40282  -43.898  -73.769  -8.509 0.0000000000
40283  -44.059  -75.018  -9.109 0.0000000000
53198  -42.802  -76.006  -10.582 0.0000000000
90461  -43.550  -73.554  -8.564 0.0000000000
90465  -44.065  -75.766  -9.407 0.0000000000
90466  -44.076  -76.285  -9.819 0.0000000000
90468  -44.056  -76.839  -10.201 0.0000000000
114187  -43.557  -76.863  -10.862 0.0000000000
127850  -42.679  -73.283  -8.654 0.0000000000
127851  -42.605  -73.734  -9.019 0.0000000000
127852  -42.380  -74.142  -9.402 0.0000000000
127853  -42.200  -74.649  -9.816 0.0000000000
161804  -44.016  -74.376  -8.830 0.0000000000
161812  -44.000  -77.281  -10.657 0.0000000000
28462  -42.183  -73.104  -8.693 0.0000000000
28463  -41.952  -74.015  -9.477 0.0000000000
40284  -44.049  -76.561  -9.702 0.0000000000
40285  -44.035  -77.598  -10.494 0.0000000000
53199  -42.592  -76.599  -11.001 0.0000000000
53200  -42.315  -75.881  -10.644 0.0000000000
62797  -42.093  -73.562  -9.075 0.0000000000
90459  -43.182  -72.961  -8.211 0.0000000000
90460  -43.665  -73.128  -8.140 0.0000000000
90467  -44.016  -77.077  -10.114 0.0000000000
90469  -43.715  -77.540  -11.241 0.0000000000
90470  -43.885  -77.761  -11.175 0.0000000000
114188  -43.309  -77.438  -11.371 0.0000000000
114190  -42.828  -77.325  -11.447 0.0000000000
127847  -42.702  -72.807  -8.276 0.0000000000
127849  -42.215  -72.644  -8.341 0.0000000000
127854  -42.023  -75.199  -10.250 0.0000000000
127855  -41.785  -74.492  -9.886 0.0000000000
161801  -44.036  -73.328  -8.087 0.0000000000
161802  -44.177  -74.000  -8.486 0.0000000000
161805  -44.184  -74.610  -8.716 0.0000000000
161806  -44.118  -75.296  -8.986 0.0000000000
161807  -44.062  -76.072  -9.305 0.0000000000
161813  -43.914  -78.055  -11.045 0.0000000000
10015  -44.341  -74.181  -8.254 0.0000000000
10017  -43.388  -78.167  -11.773 0.0000000000
22473  -44.242  -72.799  -7.581 0.0000000000
22479  -42.470  -77.877  -11.930 0.0000000000
22480  -42.131  -76.424  -11.055 0.0000000000
28460  -43.271  -72.480  -7.744 0.0000000000
28461  -42.269  -72.141  -7.924 0.0000000000
28464  -41.593  -75.027  -10.289 0.0000000000
40281  -44.105  -75.572  -8.834 0.0000000000
40286  -43.817  -78.653  -11.544 0.0000000000
62795  -41.727  -72.414  -8.357 0.0000000000
62796  -41.699  -72.921  -8.745 0.0000000000
62798  -41.593  -73.333  -9.170 0.0000000000
62799  -41.505  -73.802  -9.546 0.0000000000
90458  -44.233  -74.818  -8.488 0.0000000000
90471  -43.686  -78.379  -11.668 0.0000000000
114179  -44.337  -73.566  -7.969 0.0000000000
114189  -42.958  -78.032  -11.873 0.0000000000
114191  -42.308  -77.175  -11.457 0.0000000000
127846  -42.781  -72.341  -7.828 0.0000000000
127848  -41.771  -71.896  -7.989 0.0000000000
127856  -41.381  -74.271  -9.953 0.0000000000
161799  -43.985  -76.373  -9.166 0.0000000000
161800  -43.771  -72.622  -7.679 0.0000000000
161808  -43.986  -76.858  -9.590 0.0000000000
161809  -43.948  -77.355  -10.026 0.0000000000
161810  -43.881  -78.000  -10.395 0.0000000000
161811  -43.873  -78.434  -10.919 0.0000000000
161814  -43.818  -79.008  -11.374 0.0000000000
161827  -41.870  -75.690  -10.679 0.0000000000
2484  -43.835  -77.220  -9.482 0.0000000000
5573  -41.231  -72.688  -8.803 0.0000000000
10008  -43.745  -79.425  -11.270 0.0000000000
13252  -41.288  -71.601  -8.017 0.0000000000
22455  -43.787  -78.311  -10.343 0.0000000000
28465  -41.072  -73.521  -9.618 0.0000000000
53175  -43.866  -77.693  -9.930 0.0000000000
53192  -44.406  -72.337  -7.101 0.0000000000
53193  -44.013  -72.124  -7.174 0.0000000000
62792  -42.355  -71.635  -7.443 0.0000000000
62793  -41.848  -71.404  -7.540 0.0000000000
62794  -41.232  -72.096  -8.368 0.0000000000
62800  -41.168  -73.055  -9.249 0.0000000000
90405  -43.603  -80.099  -11.751 0.0000000000
90454  -44.481  -73.808  -7.791 0.0000000000
90456  -44.333  -74.398  -7.968 0.0000000000
90457  -44.103  -75.107  -8.247 0.0000000000
90472  -43.578  -79.285  -12.086 0.0000000000
90473  -43.372  -79.006  -12.219 0.0000000000
90475  -42.964  -78.764  -12.342 0.0000000000
90476  -42.021  -77.609  -11.991 0.0000000000
90477  -42.123  -78.297  -12.467 0.0000000000
90481  -41.180  -74.755  -10.330 0.0000000000
90482  -41.437  -75.454  -10.711 0.0000000000
97580  -41.366  -71.105  -7.617 0.0000000000
114147  -43.788  -78.906  -10.798 0.0000000000
114178  -44.672  -73.044  -7.418 0.0000000000
114192  -41.887  -76.905  -11.520 0.0000000000
127821  -43.818  -76.694  -8.986 0.0000000000
127844  -43.463  -71.952  -7.240 0.0000000000
127845  -42.914  -71.795  -7.326 0.0000000000
127857  -40.950  -73.990  -9.993 0.0000000000
161798  -43.963  -75.841  -8.595 0.0000000000
161815  -43.650  -79.656  -11.931 0.0000000000
161821  -42.545  -78.539  -12.414 0.0000000000
161828  -41.690  -76.188  -11.119 0.0000000000
2486  -43.573  -71.436  -6.836 0.0000000000
5571  -41.487  -70.605  -7.151 0.0000000000
5574  -40.780  -74.416  -10.375 0.0000000000
10018  -41.609  -77.283  -12.045 0.0000000000
22471  -44.444  -71.968  -6.706 0.0000000000
22472  -44.637  -73.334  -7.217 0.0000000000
28449  -43.665  -76.257  -8.346 0.0000000000
28459  -42.549  -71.075  -6.977 0.0000000000
40260  -43.340  -80.705  -12.262 0.0000000000
40280  -44.142  -74.707  -7.675 0.0000000000
40287  -43.224  -79.858  -12.667 0.0000000000
40288  -42.550  -79.217  -12.915 0.0000000000
40289  -41.762  -78.658  -12.954 0.0000000000
40291  -41.257  -75.853  -11.144 0.0000000000
53171  -43.607  -77.594  -9.285 0.0000000000
53173  -43.670  -78.090  -9.747 0.0000000000
53174  -43.685  -78.617  -10.207 0.0000000000
53191  -44.065  -71.679  -6.806 0.0000000000
62791  -41.979  -70.874  -7.077 0.0000000000
90401  -43.621  -79.822  -11.120 0.0000000000
90403  -43.456  -80.413  -11.611 0.0000000000
90404  -43.217  -81.088  -12.065 0.0000000000
90455  -44.428  -74.032  -7.511 0.0000000000
90474  -42.914  -79.522  -12.815 0.0000000000
90478  -41.705  -77.983  -12.499 0.0000000000
90483  -41.031  -75.137  -10.745 0.0000000000
97579  -41.030  -70.255  -7.240 0.0000000000
97581  -40.924  -70.772  -7.698 0.0000000000
97582  -40.882  -71.287  -8.032 0.0000000000
97583  -40.805  -71.763  -8.418 0.0000000000
97584  -40.816  -72.266  -8.886 0.0000000000
114146  -43.660  -79.255  -10.642 0.0000000000
114177  -44.600  -72.655  -6.971 0.0000000000
127820  -43.497  -77.125  -8.684 0.0000000000
127843  -43.124  -71.260  -6.879 0.0000000000
127858  -40.791  -72.705  -9.314 0.0000000000
127859  -40.722  -73.157  -9.700 0.0000000000
127860  -40.567  -73.601  -10.049 0.0000000000
161797  -43.841  -75.451  -8.008 0.0000000000
161816  -43.381  -80.230  -12.453 0.0000000000
161822  -42.143  -78.941  -12.975 0.0000000000
161829  -41.453  -76.588  -11.577 0.0000000000
13251  -40.627  -69.884  -7.330 0.0000000000
13253  -40.538  -70.930  -8.104 0.0000000000
13254  -40.491  -71.799  -8.953 0.0000000000
22451  -43.286  -78.010  -8.958 0.0000000000
22453  -43.537  -79.013  -9.947 0.0000000000
22454  -43.445  -80.193  -10.856 0.0000000000
28466  -40.376  -72.732  -9.743 0.0000000000
40259  -43.027  -81.407  -11.836 0.0000000000
43972  -40.540  -70.447  -7.793 0.0000000000
53172  -43.393  -78.504  -9.481 0.0000000000
53187  -43.309  -70.710  -6.531 0.0000000000
53189  -43.771  -70.980  -6.478 0.0000000000
53190  -44.207  -71.275  -6.439 0.0000000000
62774  -43.315  -76.693  -8.072 0.0000000000
62775  -43.479  -75.859  -7.768 0.0000000000
62787  -41.198  -69.696  -6.802 0.0000000000
62789  -41.672  -70.017  -6.734 0.0000000000
62790  -42.183  -70.283  -6.671 0.0000000000
62802  -40.461  -72.284  -9.362 0.0000000000
90402  -43.279  -80.770  -11.366 0.0000000000
90479  -41.410  -78.314  -12.944 0.0000000000
90480  -41.358  -77.654  -12.544 0.0000000000
97578  -40.773  -69.298  -6.881 0.0000000000
97585  -40.499  -71.456  -8.511 0.0000000000
114145  -43.472  -79.647  -10.429 0.0000000000
114174  -44.616  -71.604  -6.366 0.0000000000
114175  -44.671  -72.306  -6.542 0.0000000000
114176  -44.601  -72.995  -6.755 0.0000000000
114193  -40.447  -73.968  -10.439 0.0000000000
114194  -40.651  -74.726  -10.797 0.0000000000
127819  -43.143  -77.566  -8.358 0.0000000000
127842  -42.768  -70.464  -6.604 0.0000000000
127861  -40.237  -73.130  -10.113 0.0000000000
161734  -42.611  -82.027  -12.310 0.0000000000
161735  -42.807  -81.678  -12.563 0.0000000000
161736  -42.922  -81.242  -12.759 0.0000000000
161794  -44.434  -73.682  -6.968 0.0000000000
161795  -44.077  -74.464  -7.226 0.0000000000
161796  -43.720  -75.139  -7.407 0.0000000000
161817  -42.851  -80.759  -12.976 0.0000000000
161818  -42.682  -80.324  -13.150 0.0000000000
161819  -42.429  -79.925  -13.279 0.0000000000
161820  -42.046  -79.638  -13.345 0.0000000000
161823  -41.683  -79.316  -13.349 0.0000000000
161824  -41.334  -78.977  -13.325 0.0000000000
161830  -40.855  -75.471  -11.180 0.0000000000
161831  -41.024  -76.224  -11.618 0.0000000000
161832  -41.216  -76.970  -12.113 0.0000000000
